	14.0	15.0	16.0	17.0	18.0	19.0	20.0	21.0	22.0	23.0	24.0	25.0	26.0	27.0	28.0	29.0	30.0	31.0	32.0	33.0	34.0	35.0	36.0	37.0
SRR11825857_1	1.0	2.0	4.0	12.0	10.0	40.0	80.0	163.0	335.0	389.0	381.0	483.0	491.0	570.0	613.0	737.0	851.0	1029.0	1223.0	1562.0	2106.0	2993.0	5299.0	22837.0
	13.0	14.0	15.0	16.0	17.0	18.0	19.0	20.0	21.0	22.0	23.0	24.0	25.0	26.0	27.0	28.0	29.0	30.0	31.0	32.0	33.0	34.0	35.0	36.0	37.0
SRR11825857_2	8.0	39.0	57.0	58.0	100.0	142.0	212.0	256.0	300.0	368.0	464.0	568.0	732.0	937.0	1087.0	1236.0	1566.0	1801.0	2246.0	2760.0	3420.0	4333.0	6138.0	9246.0	4137.0
	16.0	17.0	18.0	19.0	20.0	21.0	22.0	23.0	24.0	25.0	26.0	27.0	28.0	29.0	30.0	31.0	32.0	33.0	34.0	35.0	36.0	37.0
SRR11825858_1	1.0	1.0	6.0	43.0	129.0	268.0	439.0	496.0	518.0	567.0	565.0	643.0	669.0	866.0	1007.0	1224.0	1510.0	2001.0	2759.0	3920.0	7381.0	28508.0
	13.0	14.0	15.0	16.0	17.0	18.0	19.0	20.0	21.0	22.0	23.0	24.0	25.0	26.0	27.0	28.0	29.0	30.0	31.0	32.0	33.0	34.0	35.0	36.0	37.0
SRR11825858_2	1.0	14.0	28.0	55.0	106.0	159.0	233.0	276.0	352.0	454.0	561.0	763.0	905.0	1132.0	1394.0	1658.0	2125.0	2665.0	3125.0	3763.0	4926.0	6110.0	7474.0	10058.0	5184.0
	16.0	17.0	18.0	19.0	20.0	21.0	22.0	23.0	24.0	25.0	26.0	27.0	28.0	29.0	30.0	31.0	32.0	33.0	34.0	35.0	36.0	37.0
SRR11825859_1	1.0	2.0	4.0	20.0	59.0	133.0	265.0	349.0	361.0	396.0	414.0	485.0	516.0	634.0	818.0	930.0	1264.0	1695.0	2328.0	3274.0	6120.0	28544.0
	12.0	13.0	14.0	15.0	16.0	17.0	18.0	19.0	20.0	21.0	22.0	23.0	24.0	25.0	26.0	27.0	28.0	29.0	30.0	31.0	32.0	33.0	34.0	35.0	36.0	37.0
SRR11825859_2	1.0	15.0	59.0	38.0	62.0	125.0	180.0	232.0	272.0	337.0	449.0	515.0	624.0	754.0	968.0	1102.0	1267.0	1578.0	1962.0	2402.0	3109.0	3980.0	5138.0	7523.0	11352.0	4568.0
	15.0	16.0	17.0	18.0	19.0	20.0	21.0	22.0	23.0	24.0	25.0	26.0	27.0	28.0	29.0	30.0	31.0	32.0	33.0	34.0	35.0	36.0	37.0
SRR11825860_1	3.0	5.0	6.0	24.0	50.0	110.0	232.0	415.0	470.0	562.0	568.0	608.0	646.0	756.0	856.0	951.0	1260.0	1494.0	1862.0	2364.0	3403.0	5816.0	25117.0
	12.0	13.0	14.0	15.0	16.0	17.0	18.0	19.0	20.0	21.0	22.0	23.0	24.0	25.0	26.0	27.0	28.0	29.0	30.0	31.0	32.0	33.0	34.0	35.0	36.0	37.0
SRR11825860_2	1.0	12.0	76.0	97.0	90.0	113.0	181.0	227.0	277.0	363.0	415.0	482.0	611.0	797.0	1034.0	1140.0	1389.0	1560.0	1957.0	2538.0	3009.0	3811.0	4844.0	6784.0	10814.0	4956.0
	17.0	18.0	19.0	20.0	21.0	22.0	23.0	24.0	25.0	26.0	27.0	28.0	29.0	30.0	31.0	32.0	33.0	34.0	35.0	36.0	37.0
SRR11825861_1	4.0	12.0	60.0	85.0	277.0	509.0	621.0	623.0	671.0	726.0	797.0	958.0	1022.0	1289.0	1571.0	1944.0	2538.0	3215.0	4883.0	8604.0	37057.0
	12.0	13.0	14.0	15.0	16.0	17.0	18.0	19.0	20.0	21.0	22.0	23.0	24.0	25.0	26.0	27.0	28.0	29.0	30.0	31.0	32.0	33.0	34.0	35.0	36.0	37.0
SRR11825861_2	4.0	51.0	188.0	202.0	214.0	255.0	325.0	347.0	468.0	513.0	692.0	766.0	911.0	1135.0	1383.0	1636.0	1914.0	2315.0	2817.0	3479.0	4232.0	5366.0	7011.0	9861.0	14945.0	6436.0
	16.0	17.0	18.0	19.0	20.0	21.0	22.0	23.0	24.0	25.0	26.0	27.0	28.0	29.0	30.0	31.0	32.0	33.0	34.0	35.0	36.0	37.0
SRR11825862_1	1.0	2.0	6.0	16.0	59.0	188.0	360.0	442.0	446.0	455.0	518.0	565.0	663.0	740.0	909.0	1126.0	1394.0	1784.0	2240.0	3490.0	6296.0	18457.0
	13.0	14.0	15.0	16.0	17.0	18.0	19.0	20.0	21.0	22.0	23.0	24.0	25.0	26.0	27.0	28.0	29.0	30.0	31.0	32.0	33.0	34.0	35.0	36.0	37.0
SRR11825862_2	8.0	48.0	43.0	89.0	188.0	213.0	295.0	365.0	434.0	549.0	657.0	792.0	911.0	1108.0	1350.0	1557.0	1915.0	2151.0	2641.0	3161.0	3813.0	4784.0	6045.0	6030.0	1010.0
	17.0	18.0	19.0	20.0	21.0	22.0	23.0	24.0	25.0	26.0	27.0	28.0	29.0	30.0	31.0	32.0	33.0	34.0	35.0	36.0	37.0
SRR11825863_1	3.0	11.0	31.0	109.0	205.0	387.0	444.0	508.0	486.0	562.0	583.0	662.0	801.0	900.0	1054.0	1316.0	1671.0	2203.0	3287.0	5928.0	26462.0
	13.0	14.0	15.0	16.0	17.0	18.0	19.0	20.0	21.0	22.0	23.0	24.0	25.0	26.0	27.0	28.0	29.0	30.0	31.0	32.0	33.0	34.0	35.0	36.0	37.0
SRR11825863_2	2.0	18.0	33.0	75.0	108.0	177.0	215.0	281.0	355.0	434.0	589.0	697.0	907.0	1049.0	1341.0	1612.0	1906.0	2285.0	2674.0	3333.0	4044.0	5372.0	7398.0	9357.0	3351.0
	17.0	18.0	19.0	20.0	21.0	22.0	23.0	24.0	25.0	26.0	27.0	28.0	29.0	30.0	31.0	32.0	33.0	34.0	35.0	36.0	37.0
SRR11825864_1	1.0	5.0	27.0	56.0	130.0	330.0	382.0	362.0	393.0	487.0	508.0	556.0	749.0	778.0	1032.0	1312.0	1628.0	2241.0	3312.0	5748.0	24514.0
	12.0	13.0	14.0	15.0	16.0	17.0	18.0	19.0	20.0	21.0	22.0	23.0	24.0	25.0	26.0	27.0	28.0	29.0	30.0	31.0	32.0	33.0	34.0	35.0	36.0	37.0
SRR11825864_2	2.0	12.0	32.0	43.0	67.0	115.0	180.0	227.0	292.0	353.0	448.0	513.0	687.0	881.0	1091.0	1258.0	1344.0	1752.0	2004.0	2395.0	2894.0	3481.0	4660.0	6497.0	9576.0	3747.0
	17.0	18.0	19.0	20.0	21.0	22.0	23.0	24.0	25.0	26.0	27.0	28.0	29.0	30.0	31.0	32.0	33.0	34.0	35.0	36.0	37.0
SRR11825865_1	10.0	19.0	39.0	85.0	197.0	375.0	373.0	427.0	443.0	497.0	548.0	631.0	773.0	820.0	958.0	1266.0	1562.0	2081.0	2863.0	4951.0	23339.0
	13.0	14.0	15.0	16.0	17.0	18.0	19.0	20.0	21.0	22.0	23.0	24.0	25.0	26.0	27.0	28.0	29.0	30.0	31.0	32.0	33.0	34.0	35.0	36.0	37.0
SRR11825865_2	7.0	47.0	53.0	70.0	105.0	159.0	195.0	223.0	283.0	313.0	442.0	544.0	625.0	840.0	942.0	1142.0	1432.0	1612.0	2088.0	2667.0	3319.0	4281.0	6253.0	9818.0	4797.0
	17.0	18.0	19.0	20.0	21.0	22.0	23.0	24.0	25.0	26.0	27.0	28.0	29.0	30.0	31.0	32.0	33.0	34.0	35.0	36.0	37.0
SRR11825866_1	1.0	7.0	38.0	62.0	214.0	409.0	492.0	516.0	539.0	572.0	616.0	740.0	846.0	1002.0	1268.0	1559.0	2037.0	2598.0	3757.0	6903.0	33791.0
	12.0	13.0	14.0	15.0	16.0	17.0	18.0	19.0	20.0	21.0	22.0	23.0	24.0	25.0	26.0	27.0	28.0	29.0	30.0	31.0	32.0	33.0	34.0	35.0	36.0	37.0
SRR11825866_2	3.0	49.0	162.0	201.0	152.0	196.0	228.0	304.0	384.0	448.0	521.0	618.0	735.0	909.0	1059.0	1304.0	1579.0	1817.0	2260.0	2744.0	3490.0	4315.0	5591.0	8355.0	13688.0	6855.0
	17.0	18.0	19.0	20.0	21.0	22.0	23.0	24.0	25.0	26.0	27.0	28.0	29.0	30.0	31.0	32.0	33.0	34.0	35.0	36.0	37.0
SRR11825867_1	2.0	6.0	30.0	67.0	177.0	333.0	364.0	422.0	460.0	490.0	562.0	600.0	693.0	854.0	1048.0	1263.0	1604.0	2199.0	3104.0	5829.0	24809.0
	13.0	14.0	15.0	16.0	17.0	18.0	19.0	20.0	21.0	22.0	23.0	24.0	25.0	26.0	27.0	28.0	29.0	30.0	31.0	32.0	33.0	34.0	35.0	36.0	37.0
SRR11825867_2	4.0	17.0	36.0	62.0	109.0	144.0	205.0	247.0	276.0	398.0	479.0	585.0	724.0	840.0	1056.0	1276.0	1544.0	1921.0	2371.0	2923.0	3744.0	4922.0	6971.0	10111.0	3951.0
	16.0	17.0	18.0	19.0	20.0	21.0	22.0	23.0	24.0	25.0	26.0	27.0	28.0	29.0	30.0	31.0	32.0	33.0	34.0	35.0	36.0	37.0
SRR11825868_1	1.0	5.0	5.0	35.0	80.0	184.0	322.0	429.0	445.0	500.0	499.0	604.0	715.0	741.0	972.0	1212.0	1493.0	1874.0	2499.0	3786.0	6863.0	27867.0
	13.0	14.0	15.0	16.0	17.0	18.0	19.0	20.0	21.0	22.0	23.0	24.0	25.0	26.0	27.0	28.0	29.0	30.0	31.0	32.0	33.0	34.0	35.0	36.0	37.0
SRR11825868_2	3.0	22.0	40.0	74.0	122.0	179.0	272.0	345.0	404.0	511.0	587.0	694.0	941.0	1096.0	1378.0	1560.0	1823.0	2198.0	2703.0	3398.0	4223.0	5473.0	7572.0	11075.0	4438.0
	15.0	16.0	17.0	18.0	19.0	20.0	21.0	22.0	23.0	24.0	25.0	26.0	27.0	28.0	29.0	30.0	31.0	32.0	33.0	34.0	35.0	36.0	37.0
SRR11825869_1	2.0	4.0	7.0	17.0	55.0	73.0	175.0	316.0	419.0	454.0	453.0	520.0	583.0	646.0	795.0	856.0	1057.0	1342.0	1724.0	2334.0	3193.0	5486.0	25028.0
	13.0	14.0	15.0	16.0	17.0	18.0	19.0	20.0	21.0	22.0	23.0	24.0	25.0	26.0	27.0	28.0	29.0	30.0	31.0	32.0	33.0	34.0	35.0	36.0	37.0
SRR11825869_2	10.0	64.0	74.0	63.0	105.0	163.0	190.0	283.0	305.0	376.0	434.0	574.0	697.0	879.0	1051.0	1268.0	1420.0	1812.0	2234.0	2888.0	3541.0	4643.0	6616.0	10635.0	5214.0
	17.0	18.0	19.0	20.0	21.0	22.0	23.0	24.0	25.0	26.0	27.0	28.0	29.0	30.0	31.0	32.0	33.0	34.0	35.0	36.0	37.0
SRR11825870_1	9.0	12.0	31.0	74.0	222.0	423.0	518.0	577.0	604.0	593.0	708.0	778.0	881.0	993.0	1290.0	1518.0	1932.0	2590.0	3854.0	6813.0	29503.0
	12.0	13.0	14.0	15.0	16.0	17.0	18.0	19.0	20.0	21.0	22.0	23.0	24.0	25.0	26.0	27.0	28.0	29.0	30.0	31.0	32.0	33.0	34.0	35.0	36.0	37.0
SRR11825870_2	2.0	43.0	156.0	199.0	172.0	234.0	276.0	334.0	371.0	501.0	576.0	726.0	888.0	1027.0	1284.0	1448.0	1684.0	1919.0	2303.0	2799.0	3363.0	4286.0	5379.0	7853.0	11636.0	4464.0
	16.0	17.0	18.0	19.0	20.0	21.0	22.0	23.0	24.0	25.0	26.0	27.0	28.0	29.0	30.0	31.0	32.0	33.0	34.0	35.0	36.0	37.0
SRR11825871_1	2.0	3.0	7.0	44.0	114.0	267.0	455.0	543.0	541.0	550.0	608.0	648.0	735.0	875.0	1027.0	1212.0	1578.0	1997.0	2642.0	3941.0	7293.0	30514.0
	13.0	14.0	15.0	16.0	17.0	18.0	19.0	20.0	21.0	22.0	23.0	24.0	25.0	26.0	27.0	28.0	29.0	30.0	31.0	32.0	33.0	34.0	35.0	36.0	37.0
SRR11825871_2	1.0	9.0	25.0	60.0	122.0	169.0	199.0	283.0	326.0	434.0	532.0	639.0	820.0	1050.0	1246.0	1459.0	1755.0	2309.0	2861.0	3494.0	4466.0	5882.0	8534.0	12820.0	6101.0
	17.0	18.0	19.0	20.0	21.0	22.0	23.0	24.0	25.0	26.0	27.0	28.0	29.0	30.0	31.0	32.0	33.0	34.0	35.0	36.0	37.0
SRR11825872_1	4.0	11.0	39.0	70.0	169.0	348.0	439.0	464.0	514.0	550.0	600.0	708.0	850.0	1018.0	1287.0	1656.0	2158.0	2893.0	4116.0	7627.0	33637.0
	12.0	13.0	14.0	15.0	16.0	17.0	18.0	19.0	20.0	21.0	22.0	23.0	24.0	25.0	26.0	27.0	28.0	29.0	30.0	31.0	32.0	33.0	34.0	35.0	36.0	37.0
SRR11825872_2	5.0	23.0	54.0	53.0	91.0	168.0	247.0	273.0	371.0	471.0	535.0	660.0	834.0	918.0	1204.0	1453.0	1663.0	2060.0	2416.0	3065.0	3728.0	4748.0	6308.0	8663.0	13672.0	5475.0
	13.0	14.0	15.0	16.0	17.0	18.0	19.0	20.0	21.0	22.0	23.0	24.0	25.0	26.0	27.0	28.0	29.0	30.0	31.0	32.0	33.0	34.0	35.0	36.0	37.0
SRR11825873_1	1.0	0.0	2.0	5.0	2.0	23.0	37.0	82.0	236.0	391.0	391.0	429.0	445.0	456.0	530.0	571.0	629.0	717.0	807.0	1005.0	1324.0	1674.0	2320.0	4121.0	14145.0
	13.0	14.0	15.0	16.0	17.0	18.0	19.0	20.0	21.0	22.0	23.0	24.0	25.0	26.0	27.0	28.0	29.0	30.0	31.0	32.0	33.0	34.0	35.0	36.0	37.0
SRR11825873_2	12.0	56.0	57.0	70.0	103.0	169.0	204.0	244.0	301.0	379.0	467.0	557.0	727.0	908.0	1019.0	1155.0	1376.0	1597.0	1854.0	2166.0	2674.0	3369.0	4496.0	5101.0	1282.0
	14.0	15.0	16.0	17.0	18.0	19.0	20.0	21.0	22.0	23.0	24.0	25.0	26.0	27.0	28.0	29.0	30.0	31.0	32.0	33.0	34.0	35.0	36.0	37.0
SRR11825874_1	1.0	2.0	2.0	16.0	25.0	59.0	106.0	275.0	511.0	601.0	612.0	624.0	632.0	660.0	779.0	925.0	1027.0	1229.0	1505.0	1792.0	2385.0	3261.0	5842.0	22165.0
	13.0	14.0	15.0	16.0	17.0	18.0	19.0	20.0	21.0	22.0	23.0	24.0	25.0	26.0	27.0	28.0	29.0	30.0	31.0	32.0	33.0	34.0	35.0	36.0	37.0
SRR11825874_2	12.0	62.0	88.0	100.0	148.0	206.0	215.0	310.0	355.0	418.0	518.0	645.0	819.0	994.0	1144.0	1408.0	1672.0	1981.0	2533.0	3026.0	3586.0	4713.0	6492.0	9608.0	3983.0
	15.0	16.0	17.0	18.0	19.0	20.0	21.0	22.0	23.0	24.0	25.0	26.0	27.0	28.0	29.0	30.0	31.0	32.0	33.0	34.0	35.0	36.0	37.0
SRR11825875_1	1.0	0.0	8.0	12.0	43.0	90.0	247.0	487.0	627.0	612.0	668.0	765.0	837.0	885.0	1072.0	1247.0	1555.0	2019.0	2421.0	3267.0	4738.0	8534.0	39129.0
	12.0	13.0	14.0	15.0	16.0	17.0	18.0	19.0	20.0	21.0	22.0	23.0	24.0	25.0	26.0	27.0	28.0	29.0	30.0	31.0	32.0	33.0	34.0	35.0	36.0	37.0
SRR11825875_2	2.0	48.0	221.0	223.0	201.0	254.0	316.0	355.0	438.0	502.0	671.0	796.0	916.0	1203.0	1368.0	1651.0	1916.0	2234.0	2788.0	3445.0	4234.0	5274.0	7057.0	9643.0	15703.0	7805.0
	16.0	17.0	18.0	19.0	20.0	21.0	22.0	23.0	24.0	25.0	26.0	27.0	28.0	29.0	30.0	31.0	32.0	33.0	34.0	35.0	36.0	37.0
SRR11825876_1	1.0	2.0	6.0	38.0	109.0	239.0	456.0	520.0	547.0	576.0	567.0	658.0	721.0	864.0	1021.0	1301.0	1605.0	1999.0	2644.0	3861.0	7135.0	31118.0
	13.0	14.0	15.0	16.0	17.0	18.0	19.0	20.0	21.0	22.0	23.0	24.0	25.0	26.0	27.0	28.0	29.0	30.0	31.0	32.0	33.0	34.0	35.0	36.0	37.0
SRR11825876_2	1.0	7.0	28.0	71.0	111.0	215.0	275.0	332.0	418.0	509.0	597.0	825.0	991.0	1188.0	1399.0	1683.0	2034.0	2492.0	3132.0	3733.0	4783.0	5949.0	8481.0	11904.0	4830.0
	16.0	17.0	18.0	19.0	20.0	21.0	22.0	23.0	24.0	25.0	26.0	27.0	28.0	29.0	30.0	31.0	32.0	33.0	34.0	35.0	36.0	37.0
SRR11825877_1	2.0	5.0	10.0	35.0	75.0	216.0	392.0	506.0	481.0	510.0	543.0	649.0	733.0	823.0	1034.0	1265.0	1539.0	2027.0	2559.0	3947.0	7316.0	31147.0
	12.0	13.0	14.0	15.0	16.0	17.0	18.0	19.0	20.0	21.0	22.0	23.0	24.0	25.0	26.0	27.0	28.0	29.0	30.0	31.0	32.0	33.0	34.0	35.0	36.0	37.0
SRR11825877_2	2.0	32.0	99.0	69.0	100.0	185.0	236.0	271.0	390.0	446.0	545.0	659.0	817.0	969.0	1171.0	1400.0	1702.0	1890.0	2383.0	2887.0	3607.0	4554.0	5855.0	8399.0	12453.0	4693.0
	15.0	16.0	17.0	18.0	19.0	20.0	21.0	22.0	23.0	24.0	25.0	26.0	27.0	28.0	29.0	30.0	31.0	32.0	33.0	34.0	35.0	36.0	37.0
SRR11825878_1	2.0	5.0	11.0	39.0	75.0	129.0	295.0	572.0	732.0	651.0	715.0	767.0	857.0	941.0	1073.0	1198.0	1533.0	1796.0	2391.0	2971.0	4105.0	7196.0	28751.0
	12.0	13.0	14.0	15.0	16.0	17.0	18.0	19.0	20.0	21.0	22.0	23.0	24.0	25.0	26.0	27.0	28.0	29.0	30.0	31.0	32.0	33.0	34.0	35.0	36.0	37.0
SRR11825878_2	1.0	24.0	115.0	124.0	111.0	151.0	220.0	272.0	351.0	383.0	523.0	636.0	843.0	1020.0	1298.0	1501.0	1796.0	2017.0	2437.0	2869.0	3473.0	4481.0	5781.0	8144.0	12679.0	5555.0
	17.0	18.0	19.0	20.0	21.0	22.0	23.0	24.0	25.0	26.0	27.0	28.0	29.0	30.0	31.0	32.0	33.0	34.0	35.0	36.0	37.0
SRR11825879_1	6.0	15.0	45.0	123.0	354.0	646.0	665.0	692.0	763.0	831.0	973.0	1081.0	1159.0	1432.0	1718.0	2084.0	2668.0	3507.0	5110.0	9485.0	37716.0
	12.0	13.0	14.0	15.0	16.0	17.0	18.0	19.0	20.0	21.0	22.0	23.0	24.0	25.0	26.0	27.0	28.0	29.0	30.0	31.0	32.0	33.0	34.0	35.0	36.0	37.0
SRR11825879_2	1.0	35.0	190.0	251.0	216.0	268.0	318.0	401.0	502.0	553.0	682.0	882.0	1054.0	1278.0	1539.0	1799.0	2112.0	2489.0	3032.0	3618.0	4549.0	5459.0	7291.0	10373.0	15296.0	6885.0
	17.0	18.0	19.0	20.0	21.0	22.0	23.0	24.0	25.0	26.0	27.0	28.0	29.0	30.0	31.0	32.0	33.0	34.0	35.0	36.0	37.0
SRR11825880_1	5.0	12.0	37.0	91.0	223.0	459.0	490.0	562.0	570.0	610.0	666.0	756.0	869.0	1010.0	1276.0	1547.0	2034.0	2758.0	3966.0	7570.0	32561.0
	13.0	14.0	15.0	16.0	17.0	18.0	19.0	20.0	21.0	22.0	23.0	24.0	25.0	26.0	27.0	28.0	29.0	30.0	31.0	32.0	33.0	34.0	35.0	36.0	37.0
SRR11825880_2	1.0	10.0	40.0	85.0	127.0	216.0	253.0	349.0	403.0	472.0	602.0	802.0	958.0	1178.0	1403.0	1607.0	1969.0	2557.0	3138.0	3856.0	4837.0	6260.0	8974.0	12690.0	5285.0
	17.0	18.0	19.0	20.0	21.0	22.0	23.0	24.0	25.0	26.0	27.0	28.0	29.0	30.0	31.0	32.0	33.0	34.0	35.0	36.0	37.0
SRR11825881_1	4.0	6.0	32.0	72.0	220.0	321.0	396.0	423.0	467.0	481.0	525.0	687.0	719.0	925.0	1134.0	1460.0	2018.0	2582.0	3641.0	6694.0	27823.0
	13.0	14.0	15.0	16.0	17.0	18.0	19.0	20.0	21.0	22.0	23.0	24.0	25.0	26.0	27.0	28.0	29.0	30.0	31.0	32.0	33.0	34.0	35.0	36.0	37.0
SRR11825881_2	12.0	41.0	44.0	81.0	125.0	178.0	216.0	263.0	349.0	403.0	509.0	612.0	793.0	966.0	1108.0	1373.0	1673.0	2015.0	2475.0	3088.0	4010.0	5248.0	7504.0	11998.0	5546.0
	14.0	15.0	16.0	17.0	18.0	19.0	20.0	21.0	22.0	23.0	24.0	25.0	26.0	27.0	28.0	29.0	30.0	31.0	32.0	33.0	34.0	35.0	36.0	37.0
SRR11825882_1	1.0	1.0	9.0	13.0	32.0	65.0	104.0	267.0	475.0	562.0	616.0	624.0	627.0	729.0	822.0	918.0	1056.0	1282.0	1650.0	1947.0	2642.0	3723.0	6548.0	27407.0
	13.0	14.0	15.0	16.0	17.0	18.0	19.0	20.0	21.0	22.0	23.0	24.0	25.0	26.0	27.0	28.0	29.0	30.0	31.0	32.0	33.0	34.0	35.0	36.0	37.0
SRR11825882_2	18.0	50.0	83.0	91.0	141.0	185.0	230.0	287.0	375.0	408.0	549.0	734.0	835.0	1034.0	1257.0	1500.0	1735.0	2169.0	2722.0	3242.0	4087.0	5322.0	7450.0	11592.0	6024.0
	15.0	16.0	17.0	18.0	19.0	20.0	21.0	22.0	23.0	24.0	25.0	26.0	27.0	28.0	29.0	30.0	31.0	32.0	33.0	34.0	35.0	36.0	37.0
SRR11825883_1	1.0	2.0	4.0	14.0	26.0	106.0	271.0	594.0	678.0	680.0	707.0	769.0	825.0	990.0	1158.0	1242.0	1543.0	1983.0	2432.0	3260.0	4935.0	8775.0	38859.0
	12.0	13.0	14.0	15.0	16.0	17.0	18.0	19.0	20.0	21.0	22.0	23.0	24.0	25.0	26.0	27.0	28.0	29.0	30.0	31.0	32.0	33.0	34.0	35.0	36.0	37.0
SRR11825883_2	2.0	59.0	246.0	239.0	218.0	247.0	312.0	393.0	469.0	578.0	684.0	821.0	906.0	1222.0	1397.0	1651.0	1928.0	2253.0	2757.0	3378.0	4199.0	5281.0	7052.0	9930.0	15692.0	7940.0
	16.0	17.0	18.0	19.0	20.0	21.0	22.0	23.0	24.0	25.0	26.0	27.0	28.0	29.0	30.0	31.0	32.0	33.0	34.0	35.0	36.0	37.0
SRR11825884_1	1.0	3.0	9.0	25.0	66.0	185.0	330.0	373.0	462.0	457.0	489.0	553.0	642.0	701.0	878.0	1020.0	1377.0	1788.0	2247.0	3441.0	5941.0	23549.0
	13.0	14.0	15.0	16.0	17.0	18.0	19.0	20.0	21.0	22.0	23.0	24.0	25.0	26.0	27.0	28.0	29.0	30.0	31.0	32.0	33.0	34.0	35.0	36.0	37.0
SRR11825884_2	25.0	143.0	139.0	153.0	185.0	233.0	298.0	316.0	412.0	547.0	599.0	741.0	869.0	1002.0	1210.0	1420.0	1688.0	1932.0	2435.0	2972.0	3609.0	4679.0	6566.0	9084.0	3280.0
	16.0	17.0	18.0	19.0	20.0	21.0	22.0	23.0	24.0	25.0	26.0	27.0	28.0	29.0	30.0	31.0	32.0	33.0	34.0	35.0	36.0	37.0
SRR11825885_1	1.0	4.0	14.0	34.0	119.0	310.0	443.0	468.0	504.0	550.0	570.0	599.0	695.0	816.0	998.0	1216.0	1579.0	2146.0	2698.0	3852.0	7038.0	30787.0
	14.0	15.0	16.0	17.0	18.0	19.0	20.0	21.0	22.0	23.0	24.0	25.0	26.0	27.0	28.0	29.0	30.0	31.0	32.0	33.0	34.0	35.0	36.0	37.0
SRR11825885_2	11.0	28.0	83.0	118.0	180.0	222.0	275.0	371.0	409.0	577.0	780.0	956.0	1183.0	1309.0	1624.0	2008.0	2442.0	3015.0	3635.0	4621.0	5999.0	8374.0	11870.0	5351.0
	16.0	17.0	18.0	19.0	20.0	21.0	22.0	23.0	24.0	25.0	26.0	27.0	28.0	29.0	30.0	31.0	32.0	33.0	34.0	35.0	36.0	37.0
SRR11825886_1	1.0	4.0	10.0	24.0	62.0	149.0	345.0	442.0	432.0	434.0	542.0	570.0	662.0	752.0	971.0	1195.0	1482.0	1929.0	2565.0	3597.0	6704.0	28552.0
	11.0	12.0	13.0	14.0	15.0	16.0	17.0	18.0	19.0	20.0	21.0	22.0	23.0	24.0	25.0	26.0	27.0	28.0	29.0	30.0	31.0	32.0	33.0	34.0	35.0	36.0	37.0
SRR11825886_2	1.0	0.0	29.0	72.0	71.0	81.0	161.0	212.0	269.0	329.0	370.0	499.0	597.0	730.0	907.0	1038.0	1252.0	1543.0	1846.0	2139.0	2562.0	3208.0	4005.0	5251.0	7563.0	11681.0	5008.0
	13.0	14.0	15.0	16.0	17.0	18.0	19.0	20.0	21.0	22.0	23.0	24.0	25.0	26.0	27.0	28.0	29.0	30.0	31.0	32.0	33.0	34.0	35.0	36.0	37.0
SRR11825887_1	1.0	0.0	0.0	3.0	15.0	18.0	45.0	97.0	259.0	451.0	487.0	518.0	584.0	631.0	628.0	752.0	869.0	973.0	1220.0	1580.0	1955.0	2444.0	3598.0	6144.0	26390.0
	12.0	13.0	14.0	15.0	16.0	17.0	18.0	19.0	20.0	21.0	22.0	23.0	24.0	25.0	26.0	27.0	28.0	29.0	30.0	31.0	32.0	33.0	34.0	35.0	36.0	37.0
SRR11825887_2	1.0	11.0	61.0	106.0	75.0	101.0	150.0	212.0	246.0	322.0	415.0	498.0	609.0	776.0	1018.0	1201.0	1372.0	1637.0	2070.0	2520.0	3100.0	3772.0	4933.0	7174.0	11335.0	5947.0
	17.0	18.0	19.0	20.0	21.0	22.0	23.0	24.0	25.0	26.0	27.0	28.0	29.0	30.0	31.0	32.0	33.0	34.0	35.0	36.0	37.0
SRR11825888_1	3.0	9.0	37.0	93.0	239.0	443.0	565.0	573.0	636.0	679.0	758.0	891.0	1020.0	1257.0	1442.0	1880.0	2385.0	3173.0	4486.0	8355.0	38125.0
	12.0	13.0	14.0	15.0	16.0	17.0	18.0	19.0	20.0	21.0	22.0	23.0	24.0	25.0	26.0	27.0	28.0	29.0	30.0	31.0	32.0	33.0	34.0	35.0	36.0	37.0
SRR11825888_2	2.0	52.0	159.0	239.0	227.0	284.0	351.0	391.0	484.0	569.0	730.0	850.0	924.0	1167.0	1406.0	1638.0	1847.0	2187.0	2708.0	3379.0	4188.0	5368.0	6739.0	9695.0	14942.0	6523.0
	16.0	17.0	18.0	19.0	20.0	21.0	22.0	23.0	24.0	25.0	26.0	27.0	28.0	29.0	30.0	31.0	32.0	33.0	34.0	35.0	36.0	37.0
SRR11825889_1	2.0	0.0	11.0	28.0	92.0	206.0	414.0	488.0	497.0	539.0	583.0	666.0	735.0	881.0	1099.0	1353.0	1710.0	2241.0	2941.0	4313.0	7754.0	36931.0
	14.0	15.0	16.0	17.0	18.0	19.0	20.0	21.0	22.0	23.0	24.0	25.0	26.0	27.0	28.0	29.0	30.0	31.0	32.0	33.0	34.0	35.0	36.0	37.0
SRR11825889_2	5.0	33.0	70.0	130.0	185.0	241.0	313.0	398.0	491.0	566.0	699.0	912.0	1191.0	1378.0	1642.0	1945.0	2572.0	3146.0	4036.0	5179.0	6808.0	9804.0	14824.0	6916.0
	17.0	18.0	19.0	20.0	21.0	22.0	23.0	24.0	25.0	26.0	27.0	28.0	29.0	30.0	31.0	32.0	33.0	34.0	35.0	36.0	37.0
SRR11825890_1	2.0	10.0	26.0	57.0	175.0	309.0	403.0	382.0	470.0	543.0	537.0	664.0	781.0	976.0	1222.0	1562.0	1956.0	2643.0	3890.0	7104.0	32288.0
	13.0	14.0	15.0	16.0	17.0	18.0	19.0	20.0	21.0	22.0	23.0	24.0	25.0	26.0	27.0	28.0	29.0	30.0	31.0	32.0	33.0	34.0	35.0	36.0	37.0
SRR11825890_2	6.0	42.0	50.0	83.0	157.0	202.0	284.0	324.0	391.0	477.0	630.0	738.0	941.0	1062.0	1298.0	1488.0	1918.0	2336.0	2745.0	3504.0	4449.0	5824.0	8158.0	13101.0	5792.0
	15.0	16.0	17.0	18.0	19.0	20.0	21.0	22.0	23.0	24.0	25.0	26.0	27.0	28.0	29.0	30.0	31.0	32.0	33.0	34.0	35.0	36.0	37.0
SRR11825891_1	1.0	3.0	10.0	19.0	55.0	77.0	184.0	366.0	425.0	436.0	479.0	530.0	579.0	613.0	741.0	918.0	1065.0	1245.0	1636.0	2163.0	3051.0	5136.0	22544.0
	13.0	14.0	15.0	16.0	17.0	18.0	19.0	20.0	21.0	22.0	23.0	24.0	25.0	26.0	27.0	28.0	29.0	30.0	31.0	32.0	33.0	34.0	35.0	36.0	37.0
SRR11825891_2	9.0	35.0	86.0	72.0	110.0	152.0	188.0	239.0	273.0	363.0	399.0	577.0	673.0	819.0	1007.0	1168.0	1398.0	1688.0	2138.0	2695.0	3325.0	4311.0	6037.0	9625.0	4889.0
	16.0	17.0	18.0	19.0	20.0	21.0	22.0	23.0	24.0	25.0	26.0	27.0	28.0	29.0	30.0	31.0	32.0	33.0	34.0	35.0	36.0	37.0
SRR11825892_1	1.0	7.0	10.0	31.0	100.0	260.0	528.0	616.0	712.0	673.0	790.0	866.0	979.0	1173.0	1289.0	1634.0	2012.0	2633.0	3434.0	4972.0	9176.0	44098.0
	12.0	13.0	14.0	15.0	16.0	17.0	18.0	19.0	20.0	21.0	22.0	23.0	24.0	25.0	26.0	27.0	28.0	29.0	30.0	31.0	32.0	33.0	34.0	35.0	36.0	37.0
SRR11825892_2	3.0	34.0	198.0	283.0	225.0	267.0	303.0	362.0	469.0	536.0	728.0	811.0	952.0	1225.0	1439.0	1658.0	1951.0	2358.0	2879.0	3671.0	4494.0	5650.0	7631.0	10913.0	17498.0	9456.0
	17.0	18.0	19.0	20.0	21.0	22.0	23.0	24.0	25.0	26.0	27.0	28.0	29.0	30.0	31.0	32.0	33.0	34.0	35.0	36.0	37.0
SRR11825893_1	1.0	13.0	44.0	82.0	230.0	454.0	544.0	525.0	556.0	597.0	673.0	782.0	881.0	974.0	1336.0	1566.0	2025.0	2666.0	3969.0	7332.0	33141.0
	13.0	14.0	15.0	16.0	17.0	18.0	19.0	20.0	21.0	22.0	23.0	24.0	25.0	26.0	27.0	28.0	29.0	30.0	31.0	32.0	33.0	34.0	35.0	36.0	37.0
SRR11825893_2	2.0	7.0	23.0	56.0	133.0	150.0	276.0	296.0	364.0	472.0	606.0	726.0	924.0	1166.0	1315.0	1619.0	1960.0	2418.0	3086.0	3874.0	4851.0	6298.0	9147.0	13171.0	5451.0
	15.0	16.0	17.0	18.0	19.0	20.0	21.0	22.0	23.0	24.0	25.0	26.0	27.0	28.0	29.0	30.0	31.0	32.0	33.0	34.0	35.0	36.0	37.0
SRR11825894_1	1.0	2.0	2.0	7.0	30.0	74.0	168.0	350.0	450.0	430.0	488.0	496.0	626.0	717.0	833.0	1026.0	1249.0	1619.0	2054.0	2799.0	4203.0	7496.0	32761.0
	12.0	13.0	14.0	15.0	16.0	17.0	18.0	19.0	20.0	21.0	22.0	23.0	24.0	25.0	26.0	27.0	28.0	29.0	30.0	31.0	32.0	33.0	34.0	35.0	36.0	37.0
SRR11825894_2	2.0	28.0	56.0	65.0	73.0	156.0	247.0	257.0	311.0	416.0	514.0	697.0	776.0	992.0	1185.0	1504.0	1616.0	2070.0	2397.0	2960.0	3657.0	4709.0	6105.0	8499.0	12906.0	5683.0
	17.0	18.0	19.0	20.0	21.0	22.0	23.0	24.0	25.0	26.0	27.0	28.0	29.0	30.0	31.0	32.0	33.0	34.0	35.0	36.0	37.0
SRR11825895_1	3.0	13.0	15.0	84.0	210.0	362.0	410.0	417.0	454.0	491.0	577.0	617.0	789.0	862.0	1082.0	1384.0	1828.0	2377.0	3388.0	6270.0	25265.0
	14.0	15.0	16.0	17.0	18.0	19.0	20.0	21.0	22.0	23.0	24.0	25.0	26.0	27.0	28.0	29.0	30.0	31.0	32.0	33.0	34.0	35.0	36.0	37.0
SRR11825895_2	11.0	17.0	48.0	103.0	163.0	205.0	297.0	335.0	441.0	540.0	712.0	828.0	965.0	1221.0	1480.0	1731.0	2059.0	2577.0	3161.0	3903.0	5160.0	7243.0	9926.0	3772.0
	17.0	18.0	19.0	20.0	21.0	22.0	23.0	24.0	25.0	26.0	27.0	28.0	29.0	30.0	31.0	32.0	33.0	34.0	35.0	36.0	37.0
SRR11825896_1	1.0	5.0	17.0	53.0	119.0	258.0	332.0	338.0	396.0	413.0	425.0	512.0	604.0	727.0	891.0	1149.0	1469.0	1890.0	2725.0	4922.0	19733.0
	13.0	14.0	15.0	16.0	17.0	18.0	19.0	20.0	21.0	22.0	23.0	24.0	25.0	26.0	27.0	28.0	29.0	30.0	31.0	32.0	33.0	34.0	35.0	36.0	37.0
SRR11825896_2	18.0	53.0	68.0	73.0	123.0	191.0	222.0	286.0	367.0	451.0	518.0	654.0	736.0	879.0	1010.0	1192.0	1530.0	1691.0	2214.0	2568.0	3155.0	4042.0	5601.0	7225.0	2112.0
	14.0	15.0	16.0	17.0	18.0	19.0	20.0	21.0	22.0	23.0	24.0	25.0	26.0	27.0	28.0	29.0	30.0	31.0	32.0	33.0	34.0	35.0	36.0	37.0
SRR11825897_1	1.0	1.0	3.0	8.0	27.0	55.0	101.0	210.0	402.0	444.0	511.0	503.0	524.0	614.0	641.0	744.0	891.0	1026.0	1305.0	1661.0	2193.0	3046.0	5166.0	18581.0
	13.0	14.0	15.0	16.0	17.0	18.0	19.0	20.0	21.0	22.0	23.0	24.0	25.0	26.0	27.0	28.0	29.0	30.0	31.0	32.0	33.0	34.0	35.0	36.0	37.0
SRR11825897_2	7.0	45.0	68.0	68.0	102.0	150.0	247.0	287.0	344.0	484.0	524.0	686.0	854.0	1063.0	1159.0	1330.0	1676.0	1887.0	2125.0	2750.0	3466.0	4212.0	5517.0	7001.0	2606.0
	17.0	18.0	19.0	20.0	21.0	22.0	23.0	24.0	25.0	26.0	27.0	28.0	29.0	30.0	31.0	32.0	33.0	34.0	35.0	36.0	37.0
SRR11825898_1	3.0	10.0	18.0	83.0	227.0	369.0	439.0	446.0	500.0	556.0	604.0	649.0	824.0	996.0	1202.0	1525.0	1976.0	2702.0	3838.0	6812.0	32250.0
	12.0	13.0	14.0	15.0	16.0	17.0	18.0	19.0	20.0	21.0	22.0	23.0	24.0	25.0	26.0	27.0	28.0	29.0	30.0	31.0	32.0	33.0	34.0	35.0	36.0	37.0
SRR11825898_2	1.0	0.0	10.0	25.0	61.0	115.0	174.0	238.0	277.0	354.0	438.0	573.0	667.0	870.0	1098.0	1323.0	1541.0	1845.0	2294.0	2939.0	3476.0	4629.0	5971.0	8544.0	12964.0	5602.0
	17.0	18.0	19.0	20.0	21.0	22.0	23.0	24.0	25.0	26.0	27.0	28.0	29.0	30.0	31.0	32.0	33.0	34.0	35.0	36.0	37.0
SRR11825899_1	1.0	9.0	26.0	66.0	143.0	313.0	384.0	414.0	445.0	481.0	471.0	592.0	736.0	838.0	1135.0	1463.0	1910.0	2539.0	3650.0	6875.0	30335.0
	11.0	12.0	13.0	14.0	15.0	16.0	17.0	18.0	19.0	20.0	21.0	22.0	23.0	24.0	25.0	26.0	27.0	28.0	29.0	30.0	31.0	32.0	33.0	34.0	35.0	36.0	37.0
SRR11825899_2	1.0	1.0	31.0	75.0	54.0	89.0	155.0	216.0	242.0	323.0	426.0	488.0	566.0	778.0	917.0	1153.0	1301.0	1580.0	1842.0	2217.0	2779.0	3466.0	4302.0	5664.0	8076.0	11877.0	4207.0
	15.0	16.0	17.0	18.0	19.0	20.0	21.0	22.0	23.0	24.0	25.0	26.0	27.0	28.0	29.0	30.0	31.0	32.0	33.0	34.0	35.0	36.0	37.0
SRR11825900_1	1.0	5.0	9.0	21.0	66.0	139.0	254.0	432.0	565.0	549.0	597.0	610.0	768.0	753.0	871.0	1003.0	1164.0	1364.0	1785.0	2282.0	3265.0	5469.0	19444.0
	12.0	13.0	14.0	15.0	16.0	17.0	18.0	19.0	20.0	21.0	22.0	23.0	24.0	25.0	26.0	27.0	28.0	29.0	30.0	31.0	32.0	33.0	34.0	35.0	36.0	37.0
SRR11825900_2	1.0	11.0	80.0	101.0	91.0	124.0	205.0	246.0	307.0	360.0	485.0	577.0	677.0	946.0	1129.0	1238.0	1466.0	1805.0	2135.0	2653.0	3019.0	3672.0	4528.0	6187.0	7432.0	1941.0
	16.0	17.0	18.0	19.0	20.0	21.0	22.0	23.0	24.0	25.0	26.0	27.0	28.0	29.0	30.0	31.0	32.0	33.0	34.0	35.0	36.0	37.0
SRR11825901_1	1.0	1.0	7.0	27.0	63.0	178.0	355.0	422.0	466.0	495.0	559.0	626.0	720.0	809.0	963.0	1189.0	1479.0	1895.0	2545.0	3783.0	6980.0	30497.0
	12.0	13.0	14.0	15.0	16.0	17.0	18.0	19.0	20.0	21.0	22.0	23.0	24.0	25.0	26.0	27.0	28.0	29.0	30.0	31.0	32.0	33.0	34.0	35.0	36.0	37.0
SRR11825901_2	3.0	45.0	139.0	168.0	186.0	217.0	294.0	302.0	405.0	469.0	535.0	680.0	778.0	1000.0	1176.0	1366.0	1648.0	2003.0	2261.0	2892.0	3595.0	4484.0	5724.0	7916.0	11388.0	4386.0
	17.0	18.0	19.0	20.0	21.0	22.0	23.0	24.0	25.0	26.0	27.0	28.0	29.0	30.0	31.0	32.0	33.0	34.0	35.0	36.0	37.0
SRR11825902_1	8.0	25.0	48.0	106.0	302.0	585.0	734.0	738.0	683.0	756.0	838.0	904.0	1124.0	1331.0	1571.0	1885.0	2404.0	3142.0	4564.0	8247.0	29566.0
	13.0	14.0	15.0	16.0	17.0	18.0	19.0	20.0	21.0	22.0	23.0	24.0	25.0	26.0	27.0	28.0	29.0	30.0	31.0	32.0	33.0	34.0	35.0	36.0	37.0
SRR11825902_2	1.0	7.0	36.0	100.0	166.0	192.0	277.0	379.0	451.0	587.0	736.0	903.0	1167.0	1448.0	1708.0	1950.0	2472.0	2959.0	3504.0	4360.0	5516.0	6830.0	9532.0	11113.0	3167.0
	17.0	18.0	19.0	20.0	21.0	22.0	23.0	24.0	25.0	26.0	27.0	28.0	29.0	30.0	31.0	32.0	33.0	34.0	35.0	36.0	37.0
SRR11825903_1	3.0	13.0	43.0	71.0	166.0	363.0	437.0	443.0	473.0	542.0	611.0	723.0	836.0	970.0	1211.0	1499.0	2031.0	2727.0	3999.0	7370.0	31414.0
	12.0	13.0	14.0	15.0	16.0	17.0	18.0	19.0	20.0	21.0	22.0	23.0	24.0	25.0	26.0	27.0	28.0	29.0	30.0	31.0	32.0	33.0	34.0	35.0	36.0	37.0
SRR11825903_2	3.0	24.0	91.0	78.0	93.0	168.0	251.0	282.0	353.0	410.0	486.0	662.0	792.0	913.0	1107.0	1406.0	1619.0	1973.0	2428.0	2804.0	3683.0	4705.0	6152.0	8668.0	12333.0	4461.0
	15.0	16.0	17.0	18.0	19.0	20.0	21.0	22.0	23.0	24.0	25.0	26.0	27.0	28.0	29.0	30.0	31.0	32.0	33.0	34.0	35.0	36.0	37.0
SRR11825904_1	2.0	3.0	12.0	38.0	60.0	89.0	225.0	391.0	401.0	468.0	502.0	555.0	585.0	697.0	769.0	968.0	1213.0	1521.0	1823.0	2320.0	3387.0	5887.0	23060.0
	13.0	14.0	15.0	16.0	17.0	18.0	19.0	20.0	21.0	22.0	23.0	24.0	25.0	26.0	27.0	28.0	29.0	30.0	31.0	32.0	33.0	34.0	35.0	36.0	37.0
SRR11825904_2	4.0	47.0	49.0	68.0	110.0	184.0	230.0	286.0	322.0	464.0	520.0	601.0	764.0	1023.0	1159.0	1381.0	1603.0	2040.0	2443.0	2897.0	3636.0	4783.0	6669.0	9810.0	3883.0
	14.0	15.0	16.0	17.0	18.0	19.0	20.0	21.0	22.0	23.0	24.0	25.0	26.0	27.0	28.0	29.0	30.0	31.0	32.0	33.0	34.0	35.0	36.0	37.0
SRR11825905_1	2.0	2.0	5.0	12.0	43.0	116.0	158.0	287.0	377.0	493.0	477.0	510.0	574.0	615.0	779.0	857.0	938.0	1182.0	1431.0	1590.0	2314.0	3110.0	5699.0	24014.0
	12.0	13.0	14.0	15.0	16.0	17.0	18.0	19.0	20.0	21.0	22.0	23.0	24.0	25.0	26.0	27.0	28.0	29.0	30.0	31.0	32.0	33.0	34.0	35.0	36.0	37.0
SRR11825905_2	1.0	16.0	85.0	76.0	90.0	134.0	171.0	255.0	315.0	376.0	512.0	583.0	805.0	1000.0	1168.0	1441.0	1637.0	1921.0	2258.0	2729.0	3161.0	3840.0	4801.0	6612.0	8670.0	2928.0
	15.0	16.0	17.0	18.0	19.0	20.0	21.0	22.0	23.0	24.0	25.0	26.0	27.0	28.0	29.0	30.0	31.0	32.0	33.0	34.0	35.0	36.0	37.0
SRR11825906_1	1.0	2.0	9.0	28.0	51.0	127.0	310.0	590.0	684.0	760.0	814.0	844.0	1023.0	1021.0	1132.0	1448.0	1675.0	2134.0	2614.0	3408.0	4931.0	9376.0	34529.0
	12.0	13.0	14.0	15.0	16.0	17.0	18.0	19.0	20.0	21.0	22.0	23.0	24.0	25.0	26.0	27.0	28.0	29.0	30.0	31.0	32.0	33.0	34.0	35.0	36.0	37.0
SRR11825906_2	4.0	34.0	150.0	247.0	260.0	276.0	371.0	383.0	491.0	574.0	684.0	816.0	1093.0	1313.0	1587.0	1846.0	2163.0	2615.0	3145.0	3861.0	4682.0	5789.0	7511.0	10528.0	13199.0	3889.0
	15.0	16.0	17.0	18.0	19.0	20.0	21.0	22.0	23.0	24.0	25.0	26.0	27.0	28.0	29.0	30.0	31.0	32.0	33.0	34.0	35.0	36.0	37.0
SRR11825907_1	1.0	0.0	3.0	18.0	33.0	96.0	277.0	471.0	539.0	569.0	644.0	693.0	800.0	880.0	954.0	1119.0	1454.0	1724.0	2246.0	2946.0	4442.0	7797.0	31944.0
	13.0	14.0	15.0	16.0	17.0	18.0	19.0	20.0	21.0	22.0	23.0	24.0	25.0	26.0	27.0	28.0	29.0	30.0	31.0	32.0	33.0	34.0	35.0	36.0	37.0
SRR11825907_2	3.0	11.0	52.0	100.0	177.0	232.0	277.0	348.0	509.0	544.0	755.0	920.0	1094.0	1374.0	1615.0	2021.0	2455.0	2966.0	3636.0	4286.0	5487.0	7046.0	8674.0	11001.0	4067.0
	16.0	17.0	18.0	19.0	20.0	21.0	22.0	23.0	24.0	25.0	26.0	27.0	28.0	29.0	30.0	31.0	32.0	33.0	34.0	35.0	36.0	37.0
SRR11825908_1	1.0	3.0	15.0	38.0	81.0	193.0	369.0	523.0	519.0	550.0	632.0	693.0	732.0	967.0	1032.0	1318.0	1724.0	2180.0	3069.0	4460.0	8471.0	37721.0
	12.0	13.0	14.0	15.0	16.0	17.0	18.0	19.0	20.0	21.0	22.0	23.0	24.0	25.0	26.0	27.0	28.0	29.0	30.0	31.0	32.0	33.0	34.0	35.0	36.0	37.0
SRR11825908_2	1.0	17.0	45.0	68.0	100.0	180.0	262.0	352.0	410.0	506.0	652.0	775.0	935.0	1118.0	1421.0	1712.0	1889.0	2453.0	2833.0	3614.0	4563.0	5728.0	7128.0	9769.0	13936.0	4824.0
	15.0	16.0	17.0	18.0	19.0	20.0	21.0	22.0	23.0	24.0	25.0	26.0	27.0	28.0	29.0	30.0	31.0	32.0	33.0	34.0	35.0	36.0	37.0
SRR11825909_1	1.0	2.0	9.0	29.0	62.0	129.0	272.0	521.0	572.0	613.0	637.0	673.0	759.0	830.0	930.0	1119.0	1344.0	1690.0	1998.0	2591.0	3608.0	6215.0	25790.0
	13.0	14.0	15.0	16.0	17.0	18.0	19.0	20.0	21.0	22.0	23.0	24.0	25.0	26.0	27.0	28.0	29.0	30.0	31.0	32.0	33.0	34.0	35.0	36.0	37.0
SRR11825909_2	12.0	65.0	57.0	74.0	130.0	165.0	236.0	312.0	370.0	451.0	549.0	745.0	970.0	1184.0	1313.0	1562.0	1757.0	2256.0	2642.0	3304.0	3916.0	5050.0	7135.0	11101.0	5038.0
	17.0	18.0	19.0	20.0	21.0	22.0	23.0	24.0	25.0	26.0	27.0	28.0	29.0	30.0	31.0	32.0	33.0	34.0	35.0	36.0	37.0
SRR11825910_1	2.0	5.0	22.0	95.0	244.0	433.0	466.0	506.0	560.0	603.0	704.0	792.0	932.0	1120.0	1352.0	1657.0	2015.0	2596.0	3728.0	6898.0	26204.0
	14.0	15.0	16.0	17.0	18.0	19.0	20.0	21.0	22.0	23.0	24.0	25.0	26.0	27.0	28.0	29.0	30.0	31.0	32.0	33.0	34.0	35.0	36.0	37.0
SRR11825910_2	2.0	27.0	52.0	102.0	150.0	208.0	262.0	362.0	419.0	523.0	705.0	834.0	994.0	1224.0	1484.0	1726.0	2120.0	2747.0	3348.0	4167.0	5296.0	7442.0	11078.0	5662.0
	17.0	18.0	19.0	20.0	21.0	22.0	23.0	24.0	25.0	26.0	27.0	28.0	29.0	30.0	31.0	32.0	33.0	34.0	35.0	36.0	37.0
SRR11825911_1	2.0	8.0	26.0	68.0	155.0	314.0	406.0	425.0	428.0	475.0	539.0	641.0	744.0	901.0	1137.0	1472.0	1815.0	2477.0	3706.0	6828.0	29158.0
	12.0	13.0	14.0	15.0	16.0	17.0	18.0	19.0	20.0	21.0	22.0	23.0	24.0	25.0	26.0	27.0	28.0	29.0	30.0	31.0	32.0	33.0	34.0	35.0	36.0	37.0
SRR11825911_2	1.0	23.0	87.0	85.0	86.0	159.0	254.0	251.0	307.0	412.0	464.0	528.0	707.0	846.0	1016.0	1222.0	1486.0	1707.0	2204.0	2640.0	3332.0	4219.0	5369.0	7699.0	11921.0	4700.0
	16.0	17.0	18.0	19.0	20.0	21.0	22.0	23.0	24.0	25.0	26.0	27.0	28.0	29.0	30.0	31.0	32.0	33.0	34.0	35.0	36.0	37.0
SRR11825912_1	5.0	13.0	31.0	69.0	131.0	286.0	506.0	607.0	620.0	625.0	654.0	751.0	816.0	949.0	1140.0	1293.0	1558.0	1904.0	2592.0	3552.0	6001.0	24269.0
	13.0	14.0	15.0	16.0	17.0	18.0	19.0	20.0	21.0	22.0	23.0	24.0	25.0	26.0	27.0	28.0	29.0	30.0	31.0	32.0	33.0	34.0	35.0	36.0	37.0
SRR11825912_2	7.0	56.0	79.0	83.0	119.0	181.0	237.0	290.0	348.0	491.0	580.0	674.0	878.0	1022.0	1230.0	1487.0	1732.0	2105.0	2592.0	3148.0	3794.0	5054.0	6999.0	10590.0	4596.0
	17.0	18.0	19.0	20.0	21.0	22.0	23.0	24.0	25.0	26.0	27.0	28.0	29.0	30.0	31.0	32.0	33.0	34.0	35.0	36.0	37.0
SRR11825913_1	5.0	15.0	45.0	111.0	235.0	464.0	511.0	569.0	624.0	735.0	798.0	860.0	1025.0	1142.0	1495.0	1781.0	2166.0	3003.0	4417.0	8310.0	33360.0
	12.0	13.0	14.0	15.0	16.0	17.0	18.0	19.0	20.0	21.0	22.0	23.0	24.0	25.0	26.0	27.0	28.0	29.0	30.0	31.0	32.0	33.0	34.0	35.0	36.0	37.0
SRR11825913_2	2.0	30.0	173.0	245.0	222.0	244.0	340.0	391.0	501.0	571.0	692.0	856.0	1026.0	1245.0	1462.0	1708.0	1945.0	2383.0	2935.0	3550.0	4330.0	5275.0	6792.0	9097.0	11322.0	4334.0
	16.0	17.0	18.0	19.0	20.0	21.0	22.0	23.0	24.0	25.0	26.0	27.0	28.0	29.0	30.0	31.0	32.0	33.0	34.0	35.0	36.0	37.0
SRR11825914_1	2.0	8.0	13.0	33.0	92.0	271.0	559.0	727.0	767.0	823.0	883.0	951.0	1160.0	1197.0	1450.0	1760.0	2070.0	2540.0	3437.0	4972.0	9058.0	30859.0
	13.0	14.0	15.0	16.0	17.0	18.0	19.0	20.0	21.0	22.0	23.0	24.0	25.0	26.0	27.0	28.0	29.0	30.0	31.0	32.0	33.0	34.0	35.0	36.0	37.0
SRR11825914_2	3.0	10.0	37.0	108.0	176.0	245.0	364.0	484.0	544.0	726.0	850.0	1074.0	1242.0	1617.0	1888.0	2222.0	2716.0	3545.0	4052.0	4958.0	5999.0	7738.0	10469.0	10617.0	1948.0
	16.0	17.0	18.0	19.0	20.0	21.0	22.0	23.0	24.0	25.0	26.0	27.0	28.0	29.0	30.0	31.0	32.0	33.0	34.0	35.0	36.0	37.0
SRR11825915_1	1.0	2.0	12.0	43.0	92.0	279.0	504.0	653.0	665.0	701.0	798.0	887.0	1011.0	1112.0	1446.0	1723.0	2159.0	2643.0	3547.0	5372.0	9598.0	40385.0
	12.0	13.0	14.0	15.0	16.0	17.0	18.0	19.0	20.0	21.0	22.0	23.0	24.0	25.0	26.0	27.0	28.0	29.0	30.0	31.0	32.0	33.0	34.0	35.0	36.0	37.0
SRR11825915_2	7.0	80.0	238.0	264.0	245.0	291.0	402.0	414.0	536.0	644.0	816.0	911.0	1134.0	1306.0	1529.0	1733.0	2076.0	2596.0	3087.0	3776.0	4792.0	5809.0	7519.0	10600.0	16010.0	6818.0
	17.0	18.0	19.0	20.0	21.0	22.0	23.0	24.0	25.0	26.0	27.0	28.0	29.0	30.0	31.0	32.0	33.0	34.0	35.0	36.0	37.0
SRR11825916_1	3.0	7.0	21.0	49.0	159.0	278.0	359.0	417.0	410.0	504.0	519.0	597.0	750.0	876.0	1085.0	1463.0	1944.0	2620.0	3867.0	7224.0	31962.0
	13.0	14.0	15.0	16.0	17.0	18.0	19.0	20.0	21.0	22.0	23.0	24.0	25.0	26.0	27.0	28.0	29.0	30.0	31.0	32.0	33.0	34.0	35.0	36.0	37.0
SRR11825916_2	5.0	34.0	53.0	64.0	146.0	176.0	269.0	343.0	399.0	512.0	630.0	669.0	867.0	1078.0	1381.0	1562.0	1873.0	2381.0	2874.0	3659.0	4477.0	5973.0	8338.0	12524.0	4827.0
	13.0	14.0	15.0	16.0	17.0	18.0	19.0	20.0	21.0	22.0	23.0	24.0	25.0	26.0	27.0	28.0	29.0	30.0	31.0	32.0	33.0	34.0	35.0	36.0	37.0
SRR11825917_1	1.0	1.0	3.0	5.0	12.0	25.0	61.0	124.0	229.0	374.0	462.0	512.0	547.0	591.0	678.0	803.0	877.0	1064.0	1272.0	1673.0	2079.0	2743.0	3886.0	6891.0	29015.0
	13.0	14.0	15.0	16.0	17.0	18.0	19.0	20.0	21.0	22.0	23.0	24.0	25.0	26.0	27.0	28.0	29.0	30.0	31.0	32.0	33.0	34.0	35.0	36.0	37.0
SRR11825917_2	9.0	70.0	84.0	97.0	123.0	185.0	240.0	291.0	364.0	485.0	577.0	682.0	832.0	1068.0	1260.0	1549.0	1869.0	2281.0	2781.0	3356.0	4397.0	5514.0	7782.0	12324.0	5708.0
	15.0	16.0	17.0	18.0	19.0	20.0	21.0	22.0	23.0	24.0	25.0	26.0	27.0	28.0	29.0	30.0	31.0	32.0	33.0	34.0	35.0	36.0	37.0
SRR11825918_1	1.0	0.0	4.0	20.0	43.0	70.0	221.0	393.0	533.0	571.0	656.0	726.0	814.0	927.0	1043.0	1232.0	1480.0	1945.0	2501.0	3286.0	4833.0	8954.0	41856.0
	13.0	14.0	15.0	16.0	17.0	18.0	19.0	20.0	21.0	22.0	23.0	24.0	25.0	26.0	27.0	28.0	29.0	30.0	31.0	32.0	33.0	34.0	35.0	36.0	37.0
SRR11825918_2	19.0	182.0	289.0	244.0	237.0	289.0	396.0	465.0	595.0	666.0	832.0	1030.0	1230.0	1478.0	1705.0	1887.0	2361.0	2842.0	3563.0	4479.0	5736.0	7556.0	10494.0	16195.0	7339.0
	17.0	18.0	19.0	20.0	21.0	22.0	23.0	24.0	25.0	26.0	27.0	28.0	29.0	30.0	31.0	32.0	33.0	34.0	35.0	36.0	37.0
SRR11825919_1	4.0	12.0	17.0	87.0	201.0	447.0	484.0	577.0	598.0	639.0	723.0	805.0	985.0	1088.0	1341.0	1707.0	2116.0	2831.0	4234.0	7622.0	33325.0
	13.0	14.0	15.0	16.0	17.0	18.0	19.0	20.0	21.0	22.0	23.0	24.0	25.0	26.0	27.0	28.0	29.0	30.0	31.0	32.0	33.0	34.0	35.0	36.0	37.0
SRR11825919_2	1.0	10.0	24.0	73.0	120.0	188.0	258.0	332.0	398.0	507.0	606.0	800.0	903.0	1160.0	1421.0	1705.0	2040.0	2538.0	3225.0	4029.0	4846.0	6525.0	9154.0	13338.0	5642.0
	17.0	18.0	19.0	20.0	21.0	22.0	23.0	24.0	25.0	26.0	27.0	28.0	29.0	30.0	31.0	32.0	33.0	34.0	35.0	36.0	37.0
SRR11825920_1	6.0	19.0	44.0	98.0	229.0	519.0	645.0	682.0	688.0	751.0	842.0	874.0	1130.0	1269.0	1548.0	1914.0	2406.0	3387.0	5037.0	9210.0	30670.0
	12.0	13.0	14.0	15.0	16.0	17.0	18.0	19.0	20.0	21.0	22.0	23.0	24.0	25.0	26.0	27.0	28.0	29.0	30.0	31.0	32.0	33.0	34.0	35.0	36.0	37.0
SRR11825920_2	3.0	23.0	80.0	72.0	126.0	216.0	309.0	413.0	529.0	599.0	733.0	959.0	1119.0	1297.0	1702.0	2031.0	2353.0	2926.0	3406.0	4032.0	4909.0	6141.0	7397.0	8554.0	9452.0	2587.0
	14.0	15.0	16.0	17.0	18.0	19.0	20.0	21.0	22.0	23.0	24.0	25.0	26.0	27.0	28.0	29.0	30.0	31.0	32.0	33.0	34.0	35.0	36.0	37.0
SRR11825921_1	1.0	1.0	6.0	19.0	25.0	89.0	148.0	265.0	569.0	646.0	696.0	736.0	769.0	804.0	890.0	1034.0	1130.0	1398.0	1714.0	2261.0	2761.0	3883.0	6822.0	26334.0
	13.0	14.0	15.0	16.0	17.0	18.0	19.0	20.0	21.0	22.0	23.0	24.0	25.0	26.0	27.0	28.0	29.0	30.0	31.0	32.0	33.0	34.0	35.0	36.0	37.0
SRR11825921_2	10.0	82.0	126.0	115.0	140.0	225.0	274.0	292.0	406.0	484.0	607.0	746.0	982.0	1152.0	1362.0	1595.0	1983.0	2430.0	2907.0	3589.0	4322.0	5662.0	7919.0	11130.0	4461.0
	16.0	17.0	18.0	19.0	20.0	21.0	22.0	23.0	24.0	25.0	26.0	27.0	28.0	29.0	30.0	31.0	32.0	33.0	34.0	35.0	36.0	37.0
SRR11825922_1	1.0	7.0	11.0	46.0	90.0	296.0	618.0	761.0	848.0	839.0	926.0	1069.0	1131.0	1246.0	1586.0	1758.0	2264.0	2763.0	3786.0	5709.0	10592.0	39131.0
	12.0	13.0	14.0	15.0	16.0	17.0	18.0	19.0	20.0	21.0	22.0	23.0	24.0	25.0	26.0	27.0	28.0	29.0	30.0	31.0	32.0	33.0	34.0	35.0	36.0	37.0
SRR11825922_2	9.0	61.0	200.0	212.0	248.0	307.0	385.0	455.0	552.0	675.0	888.0	992.0	1274.0	1443.0	1668.0	2133.0	2360.0	2980.0	3609.0	4365.0	5333.0	6471.0	8459.0	11460.0	14197.0	4742.0
	17.0	18.0	19.0	20.0	21.0	22.0	23.0	24.0	25.0	26.0	27.0	28.0	29.0	30.0	31.0	32.0	33.0	34.0	35.0	36.0	37.0
SRR11825923_1	1.0	14.0	30.0	64.0	198.0	493.0	556.0	519.0	560.0	597.0	606.0	714.0	826.0	977.0	1160.0	1371.0	1743.0	2305.0	3497.0	6345.0	16943.0
	14.0	15.0	16.0	17.0	18.0	19.0	20.0	21.0	22.0	23.0	24.0	25.0	26.0	27.0	28.0	29.0	30.0	31.0	32.0	33.0	34.0	35.0	36.0	37.0
SRR11825923_2	17.0	26.0	75.0	169.0	199.0	296.0	327.0	416.0	543.0	675.0	803.0	992.0	1126.0	1442.0	1687.0	2111.0	2368.0	2855.0	3361.0	4069.0	4932.0	5652.0	4633.0	745.0
	17.0	18.0	19.0	20.0	21.0	22.0	23.0	24.0	25.0	26.0	27.0	28.0	29.0	30.0	31.0	32.0	33.0	34.0	35.0	36.0	37.0
SRR11825924_1	1.0	8.0	19.0	69.0	175.0	377.0	453.0	474.0	464.0	475.0	577.0	626.0	756.0	836.0	1038.0	1311.0	1664.0	2098.0	3253.0	5783.0	17923.0
	13.0	14.0	15.0	16.0	17.0	18.0	19.0	20.0	21.0	22.0	23.0	24.0	25.0	26.0	27.0	28.0	29.0	30.0	31.0	32.0	33.0	34.0	35.0	36.0	37.0
SRR11825924_2	4.0	28.0	49.0	86.0	161.0	257.0	285.0	363.0	432.0	531.0	638.0	815.0	941.0	1216.0	1306.0	1517.0	1783.0	2174.0	2537.0	3042.0	3633.0	4520.0	5831.0	5250.0	981.0
	15.0	16.0	17.0	18.0	19.0	20.0	21.0	22.0	23.0	24.0	25.0	26.0	27.0	28.0	29.0	30.0	31.0	32.0	33.0	34.0	35.0	36.0	37.0
SRR11825925_1	2.0	3.0	7.0	17.0	35.0	94.0	161.0	267.0	313.0	280.0	343.0	367.0	435.0	443.0	493.0	665.0	751.0	919.0	1140.0	1400.0	2076.0	3668.0	14182.0
	12.0	13.0	14.0	15.0	16.0	17.0	18.0	19.0	20.0	21.0	22.0	23.0	24.0	25.0	26.0	27.0	28.0	29.0	30.0	31.0	32.0	33.0	34.0	35.0	36.0	37.0
SRR11825925_2	1.0	9.0	27.0	53.0	49.0	103.0	159.0	219.0	234.0	297.0	385.0	450.0	526.0	743.0	858.0	962.0	1153.0	1390.0	1602.0	1930.0	2303.0	2560.0	3223.0	4134.0	3861.0	830.0
	17.0	18.0	19.0	20.0	21.0	22.0	23.0	24.0	25.0	26.0	27.0	28.0	29.0	30.0	31.0	32.0	33.0	34.0	35.0	36.0	37.0
SRR11825926_1	3.0	6.0	23.0	65.0	182.0	308.0	379.0	405.0	463.0	479.0	519.0	568.0	722.0	826.0	963.0	1317.0	1690.0	2222.0	3270.0	5945.0	21996.0
	14.0	15.0	16.0	17.0	18.0	19.0	20.0	21.0	22.0	23.0	24.0	25.0	26.0	27.0	28.0	29.0	30.0	31.0	32.0	33.0	34.0	35.0	36.0	37.0
SRR11825926_2	13.0	22.0	56.0	152.0	180.0	276.0	310.0	393.0	518.0	572.0	713.0	876.0	1061.0	1344.0	1476.0	1760.0	2210.0	2660.0	3086.0	3948.0	4834.0	6652.0	7455.0	1784.0
	16.0	17.0	18.0	19.0	20.0	21.0	22.0	23.0	24.0	25.0	26.0	27.0	28.0	29.0	30.0	31.0	32.0	33.0	34.0	35.0	36.0	37.0
SRR11825927_1	1.0	5.0	10.0	30.0	45.0	163.0	330.0	399.0	394.0	393.0	447.0	493.0	559.0	652.0	792.0	984.0	1119.0	1467.0	1976.0	2815.0	5237.0	19073.0
	13.0	14.0	15.0	16.0	17.0	18.0	19.0	20.0	21.0	22.0	23.0	24.0	25.0	26.0	27.0	28.0	29.0	30.0	31.0	32.0	33.0	34.0	35.0	36.0	37.0
SRR11825927_2	25.0	103.0	145.0	133.0	208.0	231.0	282.0	355.0	416.0	489.0	587.0	667.0	794.0	986.0	1090.0	1247.0	1483.0	1918.0	2128.0	2649.0	3244.0	4121.0	5444.0	6888.0	1751.0
	16.0	17.0	18.0	19.0	20.0	21.0	22.0	23.0	24.0	25.0	26.0	27.0	28.0	29.0	30.0	31.0	32.0	33.0	34.0	35.0	36.0	37.0
SRR11825928_1	1.0	0.0	10.0	20.0	54.0	140.0	215.0	270.0	296.0	315.0	340.0	443.0	462.0	577.0	684.0	902.0	1101.0	1396.0	1857.0	2669.0	4896.0	21218.0
	14.0	15.0	16.0	17.0	18.0	19.0	20.0	21.0	22.0	23.0	24.0	25.0	26.0	27.0	28.0	29.0	30.0	31.0	32.0	33.0	34.0	35.0	36.0	37.0
SRR11825928_2	12.0	25.0	59.0	91.0	133.0	142.0	183.0	270.0	335.0	398.0	517.0	624.0	773.0	942.0	1147.0	1273.0	1632.0	2047.0	2657.0	3137.0	4157.0	5798.0	8403.0	3111.0
	16.0	17.0	18.0	19.0	20.0	21.0	22.0	23.0	24.0	25.0	26.0	27.0	28.0	29.0	30.0	31.0	32.0	33.0	34.0	35.0	36.0	37.0
SRR11825929_1	1.0	2.0	8.0	23.0	48.0	163.0	361.0	437.0	455.0	446.0	542.0	565.0	667.0	766.0	911.0	1177.0	1451.0	1885.0	2510.0	3585.0	6512.0	26645.0
	12.0	13.0	14.0	15.0	16.0	17.0	18.0	19.0	20.0	21.0	22.0	23.0	24.0	25.0	26.0	27.0	28.0	29.0	30.0	31.0	32.0	33.0	34.0	35.0	36.0	37.0
SRR11825929_2	4.0	25.0	146.0	208.0	148.0	229.0	285.0	332.0	369.0	482.0	564.0	640.0	787.0	1074.0	1103.0	1279.0	1576.0	1759.0	2197.0	2660.0	3214.0	4018.0	5250.0	7017.0	10027.0	3767.0
	17.0	18.0	19.0	20.0	21.0	22.0	23.0	24.0	25.0	26.0	27.0	28.0	29.0	30.0	31.0	32.0	33.0	34.0	35.0	36.0	37.0
SRR11825930_1	3.0	4.0	28.0	52.0	171.0	293.0	358.0	401.0	444.0	456.0	538.0	579.0	620.0	812.0	954.0	1155.0	1584.0	1998.0	3092.0	5590.0	17429.0
	13.0	14.0	15.0	16.0	17.0	18.0	19.0	20.0	21.0	22.0	23.0	24.0	25.0	26.0	27.0	28.0	29.0	30.0	31.0	32.0	33.0	34.0	35.0	36.0	37.0
SRR11825930_2	6.0	21.0	45.0	74.0	151.0	224.0	317.0	367.0	437.0	547.0	663.0	806.0	895.0	1047.0	1260.0	1475.0	1788.0	2132.0	2505.0	2868.0	3563.0	4336.0	5237.0	4827.0	970.0
	17.0	18.0	19.0	20.0	21.0	22.0	23.0	24.0	25.0	26.0	27.0	28.0	29.0	30.0	31.0	32.0	33.0	34.0	35.0	36.0	37.0
SRR11825931_1	1.0	14.0	19.0	74.0	155.0	294.0	356.0	415.0	426.0	467.0	489.0	642.0	741.0	868.0	1083.0	1351.0	1758.0	2334.0	3554.0	6126.0	26197.0
	14.0	15.0	16.0	17.0	18.0	19.0	20.0	21.0	22.0	23.0	24.0	25.0	26.0	27.0	28.0	29.0	30.0	31.0	32.0	33.0	34.0	35.0	36.0	37.0
SRR11825931_2	15.0	23.0	53.0	132.0	171.0	212.0	279.0	318.0	402.0	498.0	636.0	738.0	957.0	1188.0	1380.0	1657.0	1995.0	2651.0	3134.0	3975.0	5259.0	7199.0	10520.0	3972.0
	17.0	18.0	19.0	20.0	21.0	22.0	23.0	24.0	25.0	26.0	27.0	28.0	29.0	30.0	31.0	32.0	33.0	34.0	35.0	36.0	37.0
SRR11825932_1	1.0	15.0	24.0	64.0	164.0	391.0	453.0	463.0	552.0	591.0	596.0	704.0	812.0	1012.0	1242.0	1592.0	2110.0	2556.0	3767.0	6885.0	22390.0
	12.0	13.0	14.0	15.0	16.0	17.0	18.0	19.0	20.0	21.0	22.0	23.0	24.0	25.0	26.0	27.0	28.0	29.0	30.0	31.0	32.0	33.0	34.0	35.0	36.0	37.0
SRR11825932_2	1.0	9.0	27.0	54.0	105.0	210.0	251.0	364.0	420.0	475.0	647.0	769.0	851.0	1031.0	1277.0	1471.0	1747.0	2058.0	2400.0	3006.0	3536.0	4299.0	5282.0	6760.0	7442.0	1892.0
	15.0	16.0	17.0	18.0	19.0	20.0	21.0	22.0	23.0	24.0	25.0	26.0	27.0	28.0	29.0	30.0	31.0	32.0	33.0	34.0	35.0	36.0	37.0
SRR11825933_1	1.0	1.0	9.0	19.0	36.0	72.0	150.0	279.0	329.0	366.0	413.0	432.0	469.0	507.0	650.0	758.0	867.0	1215.0	1396.0	1876.0	2611.0	4645.0	17872.0
	13.0	14.0	15.0	16.0	17.0	18.0	19.0	20.0	21.0	22.0	23.0	24.0	25.0	26.0	27.0	28.0	29.0	30.0	31.0	32.0	33.0	34.0	35.0	36.0	37.0
SRR11825933_2	6.0	38.0	58.0	55.0	95.0	144.0	201.0	174.0	283.0	354.0	380.0	497.0	626.0	777.0	908.0	1091.0	1319.0	1562.0	1900.0	2383.0	3030.0	3769.0	5085.0	7452.0	2786.0
	17.0	18.0	19.0	20.0	21.0	22.0	23.0	24.0	25.0	26.0	27.0	28.0	29.0	30.0	31.0	32.0	33.0	34.0	35.0	36.0	37.0
SRR11825934_1	1.0	11.0	22.0	58.0	148.0	257.0	321.0	328.0	393.0	437.0	491.0	570.0	757.0	850.0	1024.0	1278.0	1682.0	2143.0	3193.0	5789.0	25072.0
	13.0	14.0	15.0	16.0	17.0	18.0	19.0	20.0	21.0	22.0	23.0	24.0	25.0	26.0	27.0	28.0	29.0	30.0	31.0	32.0	33.0	34.0	35.0	36.0	37.0
SRR11825934_2	23.0	116.0	188.0	124.0	150.0	228.0	241.0	303.0	364.0	451.0	507.0	643.0	821.0	932.0	1102.0	1319.0	1512.0	1899.0	2275.0	2767.0	3445.0	4581.0	6382.0	9918.0	4534.0
	17.0	18.0	19.0	20.0	21.0	22.0	23.0	24.0	25.0	26.0	27.0	28.0	29.0	30.0	31.0	32.0	33.0	34.0	35.0	36.0	37.0
SRR11825935_1	3.0	8.0	12.0	34.0	128.0	226.0	342.0	392.0	448.0	449.0	497.0	568.0	729.0	878.0	1031.0	1293.0	1639.0	2135.0	3089.0	5837.0	19970.0
	13.0	14.0	15.0	16.0	17.0	18.0	19.0	20.0	21.0	22.0	23.0	24.0	25.0	26.0	27.0	28.0	29.0	30.0	31.0	32.0	33.0	34.0	35.0	36.0	37.0
SRR11825935_2	2.0	8.0	22.0	46.0	92.0	121.0	178.0	257.0	289.0	397.0	498.0	554.0	698.0	902.0	1078.0	1184.0	1476.0	1762.0	2248.0	2835.0	3504.0	4326.0	6148.0	8062.0	3021.0
	17.0	18.0	19.0	20.0	21.0	22.0	23.0	24.0	25.0	26.0	27.0	28.0	29.0	30.0	31.0	32.0	33.0	34.0	35.0	36.0	37.0
SRR11825936_1	2.0	7.0	24.0	55.0	166.0	375.0	464.0	485.0	528.0	518.0	605.0	689.0	779.0	912.0	1127.0	1444.0	1807.0	2312.0	3533.0	6431.0	22293.0
	12.0	13.0	14.0	15.0	16.0	17.0	18.0	19.0	20.0	21.0	22.0	23.0	24.0	25.0	26.0	27.0	28.0	29.0	30.0	31.0	32.0	33.0	34.0	35.0	36.0	37.0
SRR11825936_2	3.0	18.0	58.0	65.0	105.0	178.0	253.0	350.0	404.0	511.0	592.0	747.0	795.0	1026.0	1173.0	1406.0	1580.0	1928.0	2316.0	2810.0	3348.0	4135.0	5040.0	6634.0	7609.0	1472.0
	15.0	16.0	17.0	18.0	19.0	20.0	21.0	22.0	23.0	24.0	25.0	26.0	27.0	28.0	29.0	30.0	31.0	32.0	33.0	34.0	35.0	36.0	37.0
SRR11825937_1	3.0	4.0	10.0	18.0	45.0	79.0	173.0	314.0	435.0	457.0	475.0	562.0	555.0	651.0	787.0	924.0	1120.0	1356.0	1633.0	2172.0	3060.0	5357.0	21235.0
	12.0	13.0	14.0	15.0	16.0	17.0	18.0	19.0	20.0	21.0	22.0	23.0	24.0	25.0	26.0	27.0	28.0	29.0	30.0	31.0	32.0	33.0	34.0	35.0	36.0	37.0
SRR11825937_2	1.0	17.0	65.0	86.0	80.0	118.0	169.0	214.0	266.0	338.0	374.0	488.0	594.0	718.0	898.0	1084.0	1215.0	1489.0	1803.0	2162.0	2737.0	3343.0	4303.0	5918.0	8964.0	3981.0
	16.0	17.0	18.0	19.0	20.0	21.0	22.0	23.0	24.0	25.0	26.0	27.0	28.0	29.0	30.0	31.0	32.0	33.0	34.0	35.0	36.0	37.0
SRR11825938_1	1.0	4.0	15.0	38.0	54.0	163.0	352.0	425.0	428.0	471.0	503.0	543.0	650.0	796.0	900.0	1104.0	1306.0	1770.0	2290.0	3462.0	6370.0	27102.0
	13.0	14.0	15.0	16.0	17.0	18.0	19.0	20.0	21.0	22.0	23.0	24.0	25.0	26.0	27.0	28.0	29.0	30.0	31.0	32.0	33.0	34.0	35.0	36.0	37.0
SRR11825938_2	52.0	111.0	142.0	139.0	175.0	238.0	259.0	333.0	402.0	489.0	644.0	753.0	859.0	1021.0	1272.0	1421.0	1635.0	1978.0	2458.0	3212.0	3923.0	4978.0	7235.0	10408.0	4610.0
	18.0	19.0	20.0	21.0	22.0	23.0	24.0	25.0	26.0	27.0	28.0	29.0	30.0	31.0	32.0	33.0	34.0	35.0	36.0	37.0
SRR11825939_1	9.0	33.0	94.0	261.0	412.0	474.0	488.0	480.0	539.0	555.0	667.0	735.0	915.0	1095.0	1398.0	1762.0	2342.0	3412.0	6267.0	23181.0
	13.0	14.0	15.0	16.0	17.0	18.0	19.0	20.0	21.0	22.0	23.0	24.0	25.0	26.0	27.0	28.0	29.0	30.0	31.0	32.0	33.0	34.0	35.0	36.0	37.0
SRR11825939_2	3.0	9.0	32.0	68.0	128.0	186.0	204.0	308.0	387.0	482.0	618.0	744.0	879.0	1079.0	1288.0	1529.0	1888.0	2297.0	2746.0	3264.0	4074.0	5254.0	6940.0	8190.0	2522.0
	17.0	18.0	19.0	20.0	21.0	22.0	23.0	24.0	25.0	26.0	27.0	28.0	29.0	30.0	31.0	32.0	33.0	34.0	35.0	36.0	37.0
SRR11825940_1	4.0	3.0	19.0	65.0	155.0	322.0	393.0	373.0	424.0	415.0	500.0	543.0	687.0	799.0	1027.0	1143.0	1489.0	1980.0	2900.0	5243.0	22385.0
	12.0	13.0	14.0	15.0	16.0	17.0	18.0	19.0	20.0	21.0	22.0	23.0	24.0	25.0	26.0	27.0	28.0	29.0	30.0	31.0	32.0	33.0	34.0	35.0	36.0	37.0
SRR11825940_2	1.0	10.0	25.0	40.0	73.0	161.0	214.0	257.0	331.0	372.0	455.0	517.0	687.0	781.0	940.0	1060.0	1290.0	1498.0	1939.0	2327.0	2794.0	3428.0	4390.0	6386.0	8741.0	2152.0
	15.0	16.0	17.0	18.0	19.0	20.0	21.0	22.0	23.0	24.0	25.0	26.0	27.0	28.0	29.0	30.0	31.0	32.0	33.0	34.0	35.0	36.0	37.0
SRR11825941_1	1.0	2.0	14.0	27.0	34.0	70.0	170.0	297.0	344.0	408.0	381.0	444.0	465.0	537.0	650.0	710.0	859.0	1039.0	1405.0	1725.0	2461.0	4347.0	15550.0
	13.0	14.0	15.0	16.0	17.0	18.0	19.0	20.0	21.0	22.0	23.0	24.0	25.0	26.0	27.0	28.0	29.0	30.0	31.0	32.0	33.0	34.0	35.0	36.0	37.0
SRR11825941_2	11.0	40.0	58.0	60.0	105.0	137.0	188.0	225.0	261.0	355.0	395.0	482.0	637.0	818.0	893.0	1111.0	1236.0	1560.0	1877.0	2269.0	2757.0	3403.0	4593.0	6330.0	2139.0
	15.0	16.0	17.0	18.0	19.0	20.0	21.0	22.0	23.0	24.0	25.0	26.0	27.0	28.0	29.0	30.0	31.0	32.0	33.0	34.0	35.0	36.0	37.0
SRR11825942_1	1.0	4.0	13.0	29.0	48.0	94.0	222.0	420.0	503.0	519.0	530.0	576.0	631.0	726.0	778.0	914.0	1112.0	1423.0	1773.0	2383.0	3124.0	5489.0	21796.0
	13.0	14.0	15.0	16.0	17.0	18.0	19.0	20.0	21.0	22.0	23.0	24.0	25.0	26.0	27.0	28.0	29.0	30.0	31.0	32.0	33.0	34.0	35.0	36.0	37.0
SRR11825942_2	11.0	58.0	71.0	84.0	133.0	179.0	221.0	284.0	316.0	400.0	514.0	663.0	805.0	960.0	1187.0	1301.0	1601.0	1843.0	2292.0	2845.0	3571.0	4491.0	6256.0	9214.0	3808.0
	16.0	17.0	18.0	19.0	20.0	21.0	22.0	23.0	24.0	25.0	26.0	27.0	28.0	29.0	30.0	31.0	32.0	33.0	34.0	35.0	36.0	37.0
SRR11825943_1	1.0	7.0	16.0	24.0	62.0	192.0	416.0	477.0	424.0	506.0	569.0	638.0	742.0	774.0	962.0	1184.0	1557.0	1965.0	2543.0	3731.0	6981.0	33122.0
	11.0	12.0	13.0	14.0	15.0	16.0	17.0	18.0	19.0	20.0	21.0	22.0	23.0	24.0	25.0	26.0	27.0	28.0	29.0	30.0	31.0	32.0	33.0	34.0	35.0	36.0	37.0
SRR11825943_2	1.0	4.0	47.0	167.0	211.0	158.0	235.0	290.0	301.0	368.0	420.0	544.0	654.0	751.0	936.0	1108.0	1346.0	1503.0	1947.0	2256.0	2746.0	3424.0	4170.0	5768.0	8243.0	13080.0	6215.0
	16.0	17.0	18.0	19.0	20.0	21.0	22.0	23.0	24.0	25.0	26.0	27.0	28.0	29.0	30.0	31.0	32.0	33.0	34.0	35.0	36.0	37.0
SRR11825944_1	1.0	3.0	9.0	35.0	76.0	186.0	358.0	372.0	410.0	468.0	504.0	552.0	610.0	719.0	885.0	1048.0	1352.0	1745.0	2392.0	3538.0	6247.0	28669.0
	13.0	14.0	15.0	16.0	17.0	18.0	19.0	20.0	21.0	22.0	23.0	24.0	25.0	26.0	27.0	28.0	29.0	30.0	31.0	32.0	33.0	34.0	35.0	36.0	37.0
SRR11825944_2	1.0	15.0	27.0	82.0	102.0	137.0	191.0	264.0	281.0	387.0	462.0	597.0	766.0	894.0	1171.0	1421.0	1735.0	2080.0	2600.0	3293.0	4157.0	5525.0	7812.0	11439.0	4740.0
	17.0	18.0	19.0	20.0	21.0	22.0	23.0	24.0	25.0	26.0	27.0	28.0	29.0	30.0	31.0	32.0	33.0	34.0	35.0	36.0	37.0
SRR11825945_1	2.0	7.0	16.0	50.0	132.0	282.0	382.0	386.0	454.0	506.0	525.0	619.0	681.0	857.0	1040.0	1316.0	1695.0	2218.0	3373.0	5945.0	24724.0
	13.0	14.0	15.0	16.0	17.0	18.0	19.0	20.0	21.0	22.0	23.0	24.0	25.0	26.0	27.0	28.0	29.0	30.0	31.0	32.0	33.0	34.0	35.0	36.0	37.0
SRR11825945_2	3.0	22.0	31.0	75.0	149.0	229.0	286.0	342.0	418.0	545.0	638.0	724.0	908.0	1040.0	1356.0	1476.0	1750.0	2058.0	2547.0	3156.0	3917.0	4916.0	6902.0	9206.0	2516.0
	16.0	17.0	18.0	19.0	20.0	21.0	22.0	23.0	24.0	25.0	26.0	27.0	28.0	29.0	30.0	31.0	32.0	33.0	34.0	35.0	36.0	37.0
SRR11825946_1	9.0	12.0	26.0	65.0	109.0	191.0	379.0	437.0	455.0	459.0	499.0	565.0	664.0	750.0	838.0	1084.0	1298.0	1609.0	2116.0	3014.0	5406.0	21440.0
	13.0	14.0	15.0	16.0	17.0	18.0	19.0	20.0	21.0	22.0	23.0	24.0	25.0	26.0	27.0	28.0	29.0	30.0	31.0	32.0	33.0	34.0	35.0	36.0	37.0
SRR11825946_2	9.0	51.0	76.0	71.0	123.0	147.0	189.0	252.0	309.0	390.0	515.0	618.0	857.0	1054.0	1201.0	1321.0	1589.0	1896.0	2285.0	2740.0	3494.0	4373.0	6141.0	8643.0	3081.0
	16.0	17.0	18.0	19.0	20.0	21.0	22.0	23.0	24.0	25.0	26.0	27.0	28.0	29.0	30.0	31.0	32.0	33.0	34.0	35.0	36.0	37.0
SRR11825947_1	1.0	4.0	14.0	48.0	73.0	206.0	410.0	504.0	502.0	609.0	663.0	762.0	843.0	938.0	1121.0	1344.0	1663.0	2088.0	2884.0	4220.0	8160.0	30970.0
	12.0	13.0	14.0	15.0	16.0	17.0	18.0	19.0	20.0	21.0	22.0	23.0	24.0	25.0	26.0	27.0	28.0	29.0	30.0	31.0	32.0	33.0	34.0	35.0	36.0	37.0
SRR11825947_2	6.0	38.0	206.0	227.0	211.0	268.0	334.0	407.0	478.0	568.0	628.0	842.0	921.0	1242.0	1490.0	1696.0	2016.0	2236.0	2780.0	3326.0	4121.0	5011.0	6423.0	8044.0	10403.0	4105.0
	18.0	19.0	20.0	21.0	22.0	23.0	24.0	25.0	26.0	27.0	28.0	29.0	30.0	31.0	32.0	33.0	34.0	35.0	36.0	37.0
SRR11825948_1	10.0	26.0	83.0	222.0	403.0	458.0	495.0	524.0	524.0	660.0	669.0	855.0	1028.0	1293.0	1656.0	2053.0	2854.0	3986.0	7025.0	29073.0
	13.0	14.0	15.0	16.0	17.0	18.0	19.0	20.0	21.0	22.0	23.0	24.0	25.0	26.0	27.0	28.0	29.0	30.0	31.0	32.0	33.0	34.0	35.0	36.0	37.0
SRR11825948_2	2.0	7.0	29.0	60.0	124.0	172.0	251.0	282.0	395.0	445.0	575.0	745.0	927.0	1187.0	1440.0	1687.0	1868.0	2413.0	3039.0	3607.0	4455.0	5868.0	8325.0	11574.0	4420.0
	18.0	19.0	20.0	21.0	22.0	23.0	24.0	25.0	26.0	27.0	28.0	29.0	30.0	31.0	32.0	33.0	34.0	35.0	36.0	37.0
SRR11825949_1	12.0	20.0	50.0	141.0	267.0	361.0	353.0	398.0	434.0	470.0	541.0	625.0	833.0	1042.0	1331.0	1677.0	2340.0	3469.0	6197.0	27458.0
	12.0	13.0	14.0	15.0	16.0	17.0	18.0	19.0	20.0	21.0	22.0	23.0	24.0	25.0	26.0	27.0	28.0	29.0	30.0	31.0	32.0	33.0	34.0	35.0	36.0	37.0
SRR11825949_2	5.0	20.0	50.0	39.0	84.0	145.0	224.0	274.0	346.0	399.0	419.0	565.0	691.0	866.0	1022.0	1216.0	1359.0	1707.0	2025.0	2505.0	3252.0	4009.0	5137.0	7236.0	10801.0	3623.0
	12.0	13.0	14.0	15.0	16.0	17.0	18.0	19.0	20.0	21.0	22.0	23.0	24.0	25.0	26.0	27.0	28.0	29.0	30.0	31.0	32.0	33.0	34.0	35.0	36.0	37.0
SRR11825950_1	1.0	0.0	0.0	1.0	1.0	6.0	24.0	46.0	99.0	222.0	389.0	451.0	494.0	528.0	575.0	705.0	693.0	827.0	969.0	1198.0	1509.0	1940.0	2583.0	3450.0	6019.0	27080.0
	12.0	13.0	14.0	15.0	16.0	17.0	18.0	19.0	20.0	21.0	22.0	23.0	24.0	25.0	26.0	27.0	28.0	29.0	30.0	31.0	32.0	33.0	34.0	35.0	36.0	37.0
SRR11825950_2	2.0	19.0	73.0	89.0	96.0	121.0	180.0	211.0	248.0	335.0	402.0	498.0	615.0	770.0	940.0	1151.0	1363.0	1649.0	2026.0	2504.0	3152.0	3958.0	5142.0	7229.0	11628.0	5409.0
	16.0	17.0	18.0	19.0	20.0	21.0	22.0	23.0	24.0	25.0	26.0	27.0	28.0	29.0	30.0	31.0	32.0	33.0	34.0	35.0	36.0	37.0
SRR11825951_1	1.0	4.0	13.0	34.0	135.0	337.0	701.0	879.0	900.0	880.0	930.0	1061.0	1134.0	1318.0	1548.0	1778.0	2219.0	2740.0	3699.0	5313.0	9777.0	34433.0
	12.0	13.0	14.0	15.0	16.0	17.0	18.0	19.0	20.0	21.0	22.0	23.0	24.0	25.0	26.0	27.0	28.0	29.0	30.0	31.0	32.0	33.0	34.0	35.0	36.0	37.0
SRR11825951_2	8.0	53.0	189.0	231.0	262.0	297.0	368.0	441.0	492.0	671.0	839.0	1061.0	1288.0	1524.0	2038.0	2195.0	2479.0	2755.0	3289.0	3814.0	4677.0	5798.0	7317.0	10141.0	13452.0	4155.0
	17.0	18.0	19.0	20.0	21.0	22.0	23.0	24.0	25.0	26.0	27.0	28.0	29.0	30.0	31.0	32.0	33.0	34.0	35.0	36.0	37.0
SRR11825952_1	3.0	9.0	27.0	63.0	178.0	335.0	417.0	442.0	492.0	471.0	539.0	570.0	672.0	772.0	1012.0	1217.0	1555.0	2177.0	3200.0	5927.0	18137.0
	11.0	12.0	13.0	14.0	15.0	16.0	17.0	18.0	19.0	20.0	21.0	22.0	23.0	24.0	25.0	26.0	27.0	28.0	29.0	30.0	31.0	32.0	33.0	34.0	35.0	36.0	37.0
SRR11825952_2	1.0	2.0	36.0	123.0	141.0	153.0	199.0	259.0	319.0	354.0	434.0	593.0	654.0	803.0	921.0	1107.0	1327.0	1576.0	1808.0	2225.0	2618.0	3047.0	3750.0	4407.0	5013.0	5018.0	1327.0
	17.0	18.0	19.0	20.0	21.0	22.0	23.0	24.0	25.0	26.0	27.0	28.0	29.0	30.0	31.0	32.0	33.0	34.0	35.0	36.0	37.0
SRR11825953_1	5.0	14.0	39.0	110.0	296.0	439.0	529.0	555.0	571.0	611.0	645.0	735.0	881.0	1027.0	1234.0	1605.0	2068.0	2601.0	3949.0	7121.0	32144.0
	13.0	14.0	15.0	16.0	17.0	18.0	19.0	20.0	21.0	22.0	23.0	24.0	25.0	26.0	27.0	28.0	29.0	30.0	31.0	32.0	33.0	34.0	35.0	36.0	37.0
SRR11825953_2	3.0	4.0	29.0	53.0	124.0	172.0	212.0	261.0	336.0	457.0	574.0	710.0	878.0	1143.0	1351.0	1620.0	1900.0	2375.0	3016.0	3725.0	4532.0	6296.0	8883.0	13215.0	5310.0
	17.0	18.0	19.0	20.0	21.0	22.0	23.0	24.0	25.0	26.0	27.0	28.0	29.0	30.0	31.0	32.0	33.0	34.0	35.0	36.0	37.0
SRR11825954_1	1.0	9.0	25.0	74.0	176.0	357.0	414.0	405.0	465.0	512.0	545.0	612.0	765.0	837.0	1041.0	1277.0	1666.0	2240.0	3172.0	5787.0	25153.0
	12.0	13.0	14.0	15.0	16.0	17.0	18.0	19.0	20.0	21.0	22.0	23.0	24.0	25.0	26.0	27.0	28.0	29.0	30.0	31.0	32.0	33.0	34.0	35.0	36.0	37.0
SRR11825954_2	1.0	23.0	59.0	63.0	92.0	147.0	229.0	264.0	347.0	421.0	486.0	638.0	695.0	871.0	978.0	1177.0	1410.0	1628.0	2042.0	2606.0	3175.0	3820.0	4965.0	7065.0	9856.0	2475.0
	14.0	15.0	16.0	17.0	18.0	19.0	20.0	21.0	22.0	23.0	24.0	25.0	26.0	27.0	28.0	29.0	30.0	31.0	32.0	33.0	34.0	35.0	36.0	37.0
SRR11825955_1	1.0	1.0	6.0	10.0	19.0	52.0	119.0	305.0	518.0	531.0	535.0	525.0	595.0	621.0	712.0	792.0	926.0	1190.0	1426.0	1739.0	2327.0	3232.0	5656.0	21601.0
	12.0	13.0	14.0	15.0	16.0	17.0	18.0	19.0	20.0	21.0	22.0	23.0	24.0	25.0	26.0	27.0	28.0	29.0	30.0	31.0	32.0	33.0	34.0	35.0	36.0	37.0
SRR11825955_2	1.0	16.0	96.0	78.0	79.0	129.0	153.0	211.0	238.0	286.0	386.0	433.0	601.0	719.0	913.0	1052.0	1253.0	1506.0	1921.0	2344.0	2864.0	3328.0	4383.0	6320.0	9475.0	4654.0
	17.0	18.0	19.0	20.0	21.0	22.0	23.0	24.0	25.0	26.0	27.0	28.0	29.0	30.0	31.0	32.0	33.0	34.0	35.0	36.0	37.0
SRR11825956_1	7.0	19.0	46.0	92.0	276.0	566.0	652.0	656.0	693.0	730.0	858.0	1001.0	1151.0	1349.0	1609.0	1937.0	2567.0	3385.0	5010.0	8953.0	40090.0
	12.0	13.0	14.0	15.0	16.0	17.0	18.0	19.0	20.0	21.0	22.0	23.0	24.0	25.0	26.0	27.0	28.0	29.0	30.0	31.0	32.0	33.0	34.0	35.0	36.0	37.0
SRR11825956_2	3.0	50.0	175.0	262.0	241.0	239.0	376.0	397.0	495.0	554.0	718.0	833.0	1004.0	1248.0	1451.0	1704.0	1983.0	2420.0	2941.0	3583.0	4412.0	5467.0	7323.0	10261.0	16217.0	7290.0
	17.0	18.0	19.0	20.0	21.0	22.0	23.0	24.0	25.0	26.0	27.0	28.0	29.0	30.0	31.0	32.0	33.0	34.0	35.0	36.0	37.0
SRR11825957_1	2.0	17.0	25.0	95.0	237.0	408.0	482.0	476.0	503.0	535.0	617.0	672.0	784.0	916.0	1118.0	1530.0	1990.0	2595.0	3935.0	6880.0	31894.0
	12.0	13.0	14.0	15.0	16.0	17.0	18.0	19.0	20.0	21.0	22.0	23.0	24.0	25.0	26.0	27.0	28.0	29.0	30.0	31.0	32.0	33.0	34.0	35.0	36.0	37.0
SRR11825957_2	1.0	3.0	10.0	33.0	69.0	104.0	203.0	214.0	243.0	381.0	466.0	519.0	643.0	804.0	1075.0	1294.0	1536.0	1892.0	2272.0	2898.0	3686.0	4703.0	6090.0	8897.0	12734.0	4941.0
	17.0	18.0	19.0	20.0	21.0	22.0	23.0	24.0	25.0	26.0	27.0	28.0	29.0	30.0	31.0	32.0	33.0	34.0	35.0	36.0	37.0
SRR11825958_1	3.0	10.0	27.0	71.0	164.0	371.0	500.0	506.0	561.0	534.0	623.0	747.0	896.0	956.0	1262.0	1535.0	2026.0	2823.0	4057.0	7413.0	30167.0
	12.0	13.0	14.0	15.0	16.0	17.0	18.0	19.0	20.0	21.0	22.0	23.0	24.0	25.0	26.0	27.0	28.0	29.0	30.0	31.0	32.0	33.0	34.0	35.0	36.0	37.0
SRR11825958_2	2.0	11.0	37.0	41.0	88.0	150.0	244.0	264.0	365.0	449.0	487.0	658.0	782.0	977.0	1233.0	1400.0	1715.0	1946.0	2400.0	3034.0	3787.0	4728.0	5933.0	8597.0	12003.0	3921.0
	15.0	16.0	17.0	18.0	19.0	20.0	21.0	22.0	23.0	24.0	25.0	26.0	27.0	28.0	29.0	30.0	31.0	32.0	33.0	34.0	35.0	36.0	37.0
SRR11825959_1	1.0	5.0	12.0	28.0	71.0	113.0	281.0	499.0	560.0	579.0	638.0	729.0	736.0	848.0	946.0	1185.0	1401.0	1761.0	2156.0	2752.0	4183.0	7268.0	29730.0
	13.0	14.0	15.0	16.0	17.0	18.0	19.0	20.0	21.0	22.0	23.0	24.0	25.0	26.0	27.0	28.0	29.0	30.0	31.0	32.0	33.0	34.0	35.0	36.0	37.0
SRR11825959_2	11.0	64.0	72.0	96.0	131.0	205.0	213.0	298.0	390.0	504.0	568.0	742.0	891.0	1182.0	1427.0	1558.0	1893.0	2257.0	2871.0	3674.0	4407.0	5866.0	8210.0	12867.0	6085.0
	16.0	17.0	18.0	19.0	20.0	21.0	22.0	23.0	24.0	25.0	26.0	27.0	28.0	29.0	30.0	31.0	32.0	33.0	34.0	35.0	36.0	37.0
SRR11825960_1	1.0	4.0	11.0	45.0	92.0	285.0	526.0	664.0	676.0	657.0	744.0	784.0	919.0	1035.0	1225.0	1535.0	1846.0	2228.0	3072.0	4382.0	8098.0	35713.0
	12.0	13.0	14.0	15.0	16.0	17.0	18.0	19.0	20.0	21.0	22.0	23.0	24.0	25.0	26.0	27.0	28.0	29.0	30.0	31.0	32.0	33.0	34.0	35.0	36.0	37.0
SRR11825960_2	2.0	75.0	193.0	229.0	247.0	292.0	367.0	425.0	537.0	633.0	710.0	837.0	1016.0	1286.0	1588.0	1752.0	1876.0	2313.0	2813.0	3494.0	4255.0	5240.0	6483.0	9365.0	13783.0	4731.0
	17.0	18.0	19.0	20.0	21.0	22.0	23.0	24.0	25.0	26.0	27.0	28.0	29.0	30.0	31.0	32.0	33.0	34.0	35.0	36.0	37.0
SRR11825961_1	1.0	15.0	28.0	73.0	205.0	413.0	417.0	447.0	437.0	547.0	580.0	636.0	697.0	906.0	1097.0	1449.0	1844.0	2388.0	3440.0	6262.0	28561.0
	13.0	14.0	15.0	16.0	17.0	18.0	19.0	20.0	21.0	22.0	23.0	24.0	25.0	26.0	27.0	28.0	29.0	30.0	31.0	32.0	33.0	34.0	35.0	36.0	37.0
SRR11825961_2	2.0	9.0	32.0	67.0	139.0	191.0	251.0	277.0	370.0	491.0	524.0	657.0	825.0	1023.0	1235.0	1548.0	1778.0	2250.0	2630.0	3406.0	4203.0	5485.0	7772.0	11136.0	4142.0
	16.0	17.0	18.0	19.0	20.0	21.0	22.0	23.0	24.0	25.0	26.0	27.0	28.0	29.0	30.0	31.0	32.0	33.0	34.0	35.0	36.0	37.0
SRR11825962_1	1.0	0.0	5.0	21.0	48.0	163.0	309.0	384.0	369.0	405.0	466.0	457.0	547.0	658.0	786.0	935.0	1224.0	1573.0	2140.0	3169.0	5820.0	24424.0
	12.0	13.0	14.0	15.0	16.0	17.0	18.0	19.0	20.0	21.0	22.0	23.0	24.0	25.0	26.0	27.0	28.0	29.0	30.0	31.0	32.0	33.0	34.0	35.0	36.0	37.0
SRR11825962_2	1.0	20.0	69.0	79.0	85.0	147.0	194.0	247.0	278.0	349.0	427.0	514.0	604.0	770.0	885.0	1132.0	1222.0	1567.0	1954.0	2280.0	2890.0	3607.0	4758.0	6495.0	9552.0	3778.0
	16.0	17.0	18.0	19.0	20.0	21.0	22.0	23.0	24.0	25.0	26.0	27.0	28.0	29.0	30.0	31.0	32.0	33.0	34.0	35.0	36.0	37.0
SRR11825963_1	1.0	4.0	6.0	26.0	68.0	189.0	315.0	439.0	419.0	473.0	510.0	500.0	666.0	746.0	902.0	1039.0	1376.0	1755.0	2348.0	3402.0	6097.0	22642.0
	13.0	14.0	15.0	16.0	17.0	18.0	19.0	20.0	21.0	22.0	23.0	24.0	25.0	26.0	27.0	28.0	29.0	30.0	31.0	32.0	33.0	34.0	35.0	36.0	37.0
SRR11825963_2	1.0	10.0	22.0	51.0	119.0	160.0	225.0	311.0	367.0	436.0	568.0	688.0	848.0	1059.0	1232.0	1524.0	1748.0	2106.0	2558.0	3132.0	4076.0	4992.0	6780.0	8189.0	2721.0
	15.0	16.0	17.0	18.0	19.0	20.0	21.0	22.0	23.0	24.0	25.0	26.0	27.0	28.0	29.0	30.0	31.0	32.0	33.0	34.0	35.0	36.0	37.0
SRR11825964_1	2.0	3.0	13.0	29.0	46.0	114.0	203.0	449.0	526.0	566.0	589.0	635.0	649.0	719.0	797.0	965.0	1155.0	1349.0	1604.0	2143.0	3034.0	5278.0	22216.0
	12.0	13.0	14.0	15.0	16.0	17.0	18.0	19.0	20.0	21.0	22.0	23.0	24.0	25.0	26.0	27.0	28.0	29.0	30.0	31.0	32.0	33.0	34.0	35.0	36.0	37.0
SRR11825964_2	1.0	9.0	52.0	62.0	82.0	109.0	188.0	230.0	295.0	333.0	413.0	517.0	637.0	819.0	992.0	1089.0	1292.0	1577.0	1910.0	2398.0	2930.0	3624.0	4543.0	6108.0	9147.0	3727.0
	17.0	18.0	19.0	20.0	21.0	22.0	23.0	24.0	25.0	26.0	27.0	28.0	29.0	30.0	31.0	32.0	33.0	34.0	35.0	36.0	37.0
SRR11825965_1	3.0	11.0	37.0	93.0	234.0	387.0	516.0	512.0	582.0	614.0	697.0	765.0	902.0	1062.0	1339.0	1626.0	2052.0	2670.0	4019.0	7460.0	31747.0
	12.0	13.0	14.0	15.0	16.0	17.0	18.0	19.0	20.0	21.0	22.0	23.0	24.0	25.0	26.0	27.0	28.0	29.0	30.0	31.0	32.0	33.0	34.0	35.0	36.0	37.0
SRR11825965_2	1.0	30.0	155.0	229.0	209.0	251.0	321.0	358.0	442.0	482.0	603.0	752.0	920.0	1103.0	1260.0	1382.0	1690.0	1998.0	2399.0	3014.0	3629.0	4615.0	6027.0	8295.0	12053.0	5110.0
	17.0	18.0	19.0	20.0	21.0	22.0	23.0	24.0	25.0	26.0	27.0	28.0	29.0	30.0	31.0	32.0	33.0	34.0	35.0	36.0	37.0
SRR11825966_1	1.0	11.0	30.0	74.0	206.0	375.0	393.0	468.0	506.0	536.0	587.0	662.0	784.0	963.0	1208.0	1503.0	2085.0	2590.0	3790.0	7038.0	30031.0
	14.0	15.0	16.0	17.0	18.0	19.0	20.0	21.0	22.0	23.0	24.0	25.0	26.0	27.0	28.0	29.0	30.0	31.0	32.0	33.0	34.0	35.0	36.0	37.0
SRR11825966_2	8.0	19.0	65.0	110.0	137.0	230.0	266.0	380.0	400.0	506.0	686.0	854.0	1050.0	1269.0	1450.0	1808.0	2299.0	2863.0	3568.0	4515.0	6093.0	8464.0	12109.0	4692.0
	17.0	18.0	19.0	20.0	21.0	22.0	23.0	24.0	25.0	26.0	27.0	28.0	29.0	30.0	31.0	32.0	33.0	34.0	35.0	36.0	37.0
SRR11825967_1	1.0	12.0	20.0	58.0	145.0	271.0	355.0	384.0	423.0	413.0	507.0	598.0	695.0	799.0	1043.0	1304.0	1630.0	2252.0	3252.0	6052.0	23971.0
	13.0	14.0	15.0	16.0	17.0	18.0	19.0	20.0	21.0	22.0	23.0	24.0	25.0	26.0	27.0	28.0	29.0	30.0	31.0	32.0	33.0	34.0	35.0	36.0	37.0
SRR11825967_2	8.0	15.0	62.0	67.0	140.0	185.0	248.0	306.0	326.0	443.0	570.0	653.0	856.0	962.0	1142.0	1270.0	1689.0	2023.0	2442.0	3061.0	3764.0	4781.0	6455.0	9503.0	3214.0
	14.0	15.0	16.0	17.0	18.0	19.0	20.0	21.0	22.0	23.0	24.0	25.0	26.0	27.0	28.0	29.0	30.0	31.0	32.0	33.0	34.0	35.0	36.0	37.0
SRR11825968_1	1.0	0.0	5.0	9.0	27.0	56.0	114.0	213.0	384.0	406.0	487.0	531.0	531.0	617.0	733.0	823.0	964.0	1119.0	1446.0	1710.0	2267.0	3428.0	5625.0	23509.0
	12.0	13.0	14.0	15.0	16.0	17.0	18.0	19.0	20.0	21.0	22.0	23.0	24.0	25.0	26.0	27.0	28.0	29.0	30.0	31.0	32.0	33.0	34.0	35.0	36.0	37.0
SRR11825968_2	1.0	8.0	45.0	77.0	83.0	104.0	174.0	216.0	253.0	297.0	335.0	483.0	592.0	744.0	970.0	1162.0	1312.0	1537.0	1908.0	2258.0	2831.0	3532.0	4572.0	6642.0	10318.0	4551.0
	17.0	18.0	19.0	20.0	21.0	22.0	23.0	24.0	25.0	26.0	27.0	28.0	29.0	30.0	31.0	32.0	33.0	34.0	35.0	36.0	37.0
SRR11825969_1	6.0	16.0	21.0	85.0	203.0	450.0	513.0	549.0	656.0	669.0	728.0	905.0	965.0	1162.0	1363.0	1691.0	2134.0	2792.0	4083.0	7424.0	34149.0
	12.0	13.0	14.0	15.0	16.0	17.0	18.0	19.0	20.0	21.0	22.0	23.0	24.0	25.0	26.0	27.0	28.0	29.0	30.0	31.0	32.0	33.0	34.0	35.0	36.0	37.0
SRR11825969_2	1.0	26.0	175.0	242.0	201.0	288.0	339.0	427.0	495.0	626.0	703.0	864.0	983.0	1164.0	1346.0	1535.0	1898.0	2067.0	2734.0	3249.0	3992.0	4920.0	6180.0	8842.0	12918.0	4349.0
	14.0	15.0	16.0	17.0	18.0	19.0	20.0	21.0	22.0	23.0	24.0	25.0	26.0	27.0	28.0	29.0	30.0	31.0	32.0	33.0	34.0	35.0	36.0	37.0
SRR11825970_1	1.0	0.0	1.0	1.0	7.0	18.0	79.0	191.0	334.0	435.0	440.0	478.0	578.0	652.0	726.0	831.0	954.0	1201.0	1497.0	1853.0	2433.0	3643.0	6777.0	27081.0
	12.0	13.0	14.0	15.0	16.0	17.0	18.0	19.0	20.0	21.0	22.0	23.0	24.0	25.0	26.0	27.0	28.0	29.0	30.0	31.0	32.0	33.0	34.0	35.0	36.0	37.0
SRR11825970_2	1.0	29.0	148.0	181.0	172.0	149.0	206.0	245.0	304.0	347.0	459.0	510.0	662.0	845.0	952.0	1235.0	1351.0	1619.0	1883.0	2470.0	2919.0	3687.0	4809.0	7016.0	11535.0	6477.0
	17.0	18.0	19.0	20.0	21.0	22.0	23.0	24.0	25.0	26.0	27.0	28.0	29.0	30.0	31.0	32.0	33.0	34.0	35.0	36.0	37.0
SRR11825971_1	2.0	7.0	42.0	127.0	295.0	468.0	538.0	554.0	592.0	669.0	650.0	793.0	860.0	1094.0	1241.0	1620.0	2025.0	2636.0	3963.0	7085.0	27607.0
	14.0	15.0	16.0	17.0	18.0	19.0	20.0	21.0	22.0	23.0	24.0	25.0	26.0	27.0	28.0	29.0	30.0	31.0	32.0	33.0	34.0	35.0	36.0	37.0
SRR11825971_2	11.0	23.0	56.0	136.0	175.0	200.0	249.0	341.0	429.0	522.0	675.0	832.0	1047.0	1232.0	1494.0	1884.0	2338.0	2867.0	3422.0	4324.0	5656.0	7978.0	11440.0	5537.0
	15.0	16.0	17.0	18.0	19.0	20.0	21.0	22.0	23.0	24.0	25.0	26.0	27.0	28.0	29.0	30.0	31.0	32.0	33.0	34.0	35.0	36.0	37.0
SRR11825972_1	1.0	0.0	4.0	12.0	28.0	78.0	189.0	353.0	433.0	407.0	451.0	478.0	559.0	621.0	718.0	932.0	1137.0	1324.0	1715.0	2436.0	3529.0	6460.0	26879.0
	12.0	13.0	14.0	15.0	16.0	17.0	18.0	19.0	20.0	21.0	22.0	23.0	24.0	25.0	26.0	27.0	28.0	29.0	30.0	31.0	32.0	33.0	34.0	35.0	36.0	37.0
SRR11825972_2	1.0	26.0	65.0	41.0	84.0	165.0	218.0	270.0	344.0	374.0	498.0	560.0	777.0	934.0	1162.0	1334.0	1467.0	1791.0	2145.0	2600.0	3085.0	3994.0	5177.0	7289.0	10511.0	3832.0
	15.0	16.0	17.0	18.0	19.0	20.0	21.0	22.0	23.0	24.0	25.0	26.0	27.0	28.0	29.0	30.0	31.0	32.0	33.0	34.0	35.0	36.0	37.0
SRR11825973_1	3.0	2.0	17.0	37.0	76.0	150.0	316.0	528.0	675.0	708.0	672.0	850.0	830.0	868.0	1028.0	1235.0	1392.0	1589.0	2129.0	2844.0	4043.0	7311.0	24255.0
	13.0	14.0	15.0	16.0	17.0	18.0	19.0	20.0	21.0	22.0	23.0	24.0	25.0	26.0	27.0	28.0	29.0	30.0	31.0	32.0	33.0	34.0	35.0	36.0	37.0
SRR11825973_2	18.0	82.0	127.0	106.0	153.0	223.0	258.0	355.0	457.0	581.0	709.0	875.0	1078.0	1386.0	1572.0	1940.0	2304.0	2813.0	3379.0	3888.0	4783.0	5892.0	7072.0	8437.0	3070.0
	16.0	17.0	18.0	19.0	20.0	21.0	22.0	23.0	24.0	25.0	26.0	27.0	28.0	29.0	30.0	31.0	32.0	33.0	34.0	35.0	36.0	37.0
SRR11825974_1	1.0	5.0	15.0	25.0	117.0	346.0	699.0	839.0	877.0	945.0	920.0	977.0	1213.0	1257.0	1414.0	1727.0	2068.0	2575.0	3502.0	5199.0	10109.0	31341.0
	12.0	13.0	14.0	15.0	16.0	17.0	18.0	19.0	20.0	21.0	22.0	23.0	24.0	25.0	26.0	27.0	28.0	29.0	30.0	31.0	32.0	33.0	34.0	35.0	36.0	37.0
SRR11825974_2	3.0	36.0	181.0	262.0	223.0	295.0	371.0	447.0	483.0	618.0	715.0	960.0	1100.0	1379.0	1697.0	1868.0	2224.0	2639.0	3373.0	3983.0	4641.0	5791.0	7431.0	10431.0	12066.0	2954.0
	16.0	17.0	18.0	19.0	20.0	21.0	22.0	23.0	24.0	25.0	26.0	27.0	28.0	29.0	30.0	31.0	32.0	33.0	34.0	35.0	36.0	37.0
SRR11825975_1	1.0	4.0	10.0	45.0	155.0	368.0	511.0	504.0	527.0	598.0	615.0	702.0	782.0	922.0	1073.0	1295.0	1622.0	1972.0	2622.0	3906.0	7204.0	33002.0
	13.0	14.0	15.0	16.0	17.0	18.0	19.0	20.0	21.0	22.0	23.0	24.0	25.0	26.0	27.0	28.0	29.0	30.0	31.0	32.0	33.0	34.0	35.0	36.0	37.0
SRR11825975_2	1.0	9.0	36.0	76.0	152.0	233.0	270.0	361.0	526.0	611.0	729.0	944.0	1175.0	1388.0	1587.0	1956.0	2521.0	3097.0	3715.0	4361.0	5389.0	7067.0	9336.0	9956.0	2944.0
	16.0	17.0	18.0	19.0	20.0	21.0	22.0	23.0	24.0	25.0	26.0	27.0	28.0	29.0	30.0	31.0	32.0	33.0	34.0	35.0	36.0	37.0
SRR11825976_1	1.0	1.0	8.0	25.0	71.0	211.0	362.0	426.0	470.0	579.0	578.0	661.0	725.0	816.0	979.0	1162.0	1507.0	1949.0	2650.0	3850.0	7158.0	28045.0
	12.0	13.0	14.0	15.0	16.0	17.0	18.0	19.0	20.0	21.0	22.0	23.0	24.0	25.0	26.0	27.0	28.0	29.0	30.0	31.0	32.0	33.0	34.0	35.0	36.0	37.0
SRR11825976_2	1.0	34.0	75.0	79.0	104.0	178.0	248.0	295.0	354.0	468.0	537.0	662.0	753.0	960.0	1122.0	1391.0	1618.0	1973.0	2468.0	2903.0	3597.0	4422.0	5642.0	8105.0	10789.0	3456.0
	15.0	16.0	17.0	18.0	19.0	20.0	21.0	22.0	23.0	24.0	25.0	26.0	27.0	28.0	29.0	30.0	31.0	32.0	33.0	34.0	35.0	36.0	37.0
SRR11825977_1	2.0	6.0	13.0	38.0	61.0	110.0	236.0	480.0	534.0	563.0	601.0	674.0	735.0	799.0	907.0	1086.0	1322.0	1647.0	1959.0	2652.0	3637.0	6348.0	25648.0
	13.0	14.0	15.0	16.0	17.0	18.0	19.0	20.0	21.0	22.0	23.0	24.0	25.0	26.0	27.0	28.0	29.0	30.0	31.0	32.0	33.0	34.0	35.0	36.0	37.0
SRR11825977_2	22.0	80.0	100.0	85.0	147.0	192.0	236.0	337.0	393.0	464.0	563.0	722.0	997.0	1072.0	1355.0	1515.0	1785.0	2075.0	2632.0	3218.0	3982.0	5066.0	7204.0	10979.0	4837.0
	17.0	18.0	19.0	20.0	21.0	22.0	23.0	24.0	25.0	26.0	27.0	28.0	29.0	30.0	31.0	32.0	33.0	34.0	35.0	36.0	37.0
SRR11825978_1	2.0	8.0	23.0	92.0	261.0	511.0	576.0	619.0	631.0	659.0	710.0	825.0	1053.0	1181.0	1412.0	1747.0	2219.0	2988.0	4242.0	7916.0	35129.0
	12.0	13.0	14.0	15.0	16.0	17.0	18.0	19.0	20.0	21.0	22.0	23.0	24.0	25.0	26.0	27.0	28.0	29.0	30.0	31.0	32.0	33.0	34.0	35.0	36.0	37.0
SRR11825978_2	1.0	63.0	186.0	200.0	193.0	249.0	283.0	350.0	419.0	502.0	652.0	781.0	947.0	1128.0	1319.0	1528.0	1748.0	2194.0	2627.0	3172.0	3909.0	4867.0	6361.0	9091.0	14080.0	5954.0
	16.0	17.0	18.0	19.0	20.0	21.0	22.0	23.0	24.0	25.0	26.0	27.0	28.0	29.0	30.0	31.0	32.0	33.0	34.0	35.0	36.0	37.0
SRR11825979_1	2.0	2.0	17.0	28.0	85.0	205.0	412.0	509.0	528.0	518.0	564.0	651.0	771.0	835.0	958.0	1225.0	1509.0	1855.0	2493.0	3636.0	6523.0	26337.0
	12.0	13.0	14.0	15.0	16.0	17.0	18.0	19.0	20.0	21.0	22.0	23.0	24.0	25.0	26.0	27.0	28.0	29.0	30.0	31.0	32.0	33.0	34.0	35.0	36.0	37.0
SRR11825979_2	3.0	42.0	153.0	173.0	164.0	224.0	264.0	308.0	391.0	474.0	540.0	702.0	895.0	1058.0	1303.0	1447.0	1571.0	1897.0	2224.0	2682.0	3272.0	3845.0	5072.0	7276.0	10195.0	3488.0
	17.0	18.0	19.0	20.0	21.0	22.0	23.0	24.0	25.0	26.0	27.0	28.0	29.0	30.0	31.0	32.0	33.0	34.0	35.0	36.0	37.0
SRR11825980_1	5.0	27.0	50.0	150.0	326.0	482.0	534.0	553.0	577.0	686.0	729.0	912.0	928.0	1120.0	1326.0	1729.0	2157.0	2826.0	4178.0	7592.0	33968.0
	13.0	14.0	15.0	16.0	17.0	18.0	19.0	20.0	21.0	22.0	23.0	24.0	25.0	26.0	27.0	28.0	29.0	30.0	31.0	32.0	33.0	34.0	35.0	36.0	37.0
SRR11825980_2	7.0	15.0	41.0	103.0	170.0	258.0	308.0	430.0	511.0	630.0	755.0	1022.0	1302.0	1565.0	1820.0	2153.0	2704.0	3275.0	3819.0	4672.0	5744.0	7396.0	9630.0	9851.0	2674.0
	16.0	17.0	18.0	19.0	20.0	21.0	22.0	23.0	24.0	25.0	26.0	27.0	28.0	29.0	30.0	31.0	32.0	33.0	34.0	35.0	36.0	37.0
SRR11825981_1	1.0	3.0	11.0	47.0	116.0	273.0	407.0	454.0	443.0	537.0	535.0	632.0	659.0	853.0	1002.0	1135.0	1414.0	1783.0	2450.0	3543.0	6801.0	29530.0
	12.0	13.0	14.0	15.0	16.0	17.0	18.0	19.0	20.0	21.0	22.0	23.0	24.0	25.0	26.0	27.0	28.0	29.0	30.0	31.0	32.0	33.0	34.0	35.0	36.0	37.0
SRR11825981_2	4.0	26.0	36.0	47.0	118.0	204.0	311.0	376.0	512.0	599.0	736.0	862.0	1019.0	1244.0	1491.0	1751.0	2029.0	2619.0	3129.0	3612.0	4176.0	5184.0	6663.0	8302.0	6666.0	913.0
	13.0	14.0	15.0	16.0	17.0	18.0	19.0	20.0	21.0	22.0	23.0	24.0	25.0	26.0	27.0	28.0	29.0	30.0	31.0	32.0	33.0	34.0	35.0	36.0	37.0
SRR11825982_1	1.0	0.0	4.0	4.0	10.0	41.0	59.0	109.0	279.0	519.0	590.0	562.0	593.0	666.0	705.0	836.0	939.0	1120.0	1267.0	1572.0	1929.0	2584.0	3546.0	6283.0	25632.0
	12.0	13.0	14.0	15.0	16.0	17.0	18.0	19.0	20.0	21.0	22.0	23.0	24.0	25.0	26.0	27.0	28.0	29.0	30.0	31.0	32.0	33.0	34.0	35.0	36.0	37.0
SRR11825982_2	1.0	10.0	49.0	64.0	81.0	139.0	195.0	231.0	310.0	336.0	454.0	604.0	738.0	1020.0	1265.0	1384.0	1638.0	1825.0	2246.0	2691.0	3380.0	3918.0	5245.0	7234.0	10409.0	4383.0
	16.0	17.0	18.0	19.0	20.0	21.0	22.0	23.0	24.0	25.0	26.0	27.0	28.0	29.0	30.0	31.0	32.0	33.0	34.0	35.0	36.0	37.0
SRR11825983_1	1.0	2.0	11.0	44.0	97.0	245.0	578.0	772.0	804.0	875.0	929.0	929.0	1121.0	1281.0	1478.0	1803.0	2252.0	2686.0	3665.0	5350.0	9683.0	39489.0
	12.0	13.0	14.0	15.0	16.0	17.0	18.0	19.0	20.0	21.0	22.0	23.0	24.0	25.0	26.0	27.0	28.0	29.0	30.0	31.0	32.0	33.0	34.0	35.0	36.0	37.0
SRR11825983_2	6.0	41.0	211.0	279.0	254.0	289.0	377.0	461.0	532.0	671.0	798.0	894.0	1215.0	1457.0	1731.0	2021.0	2428.0	2794.0	3375.0	4096.0	4916.0	6196.0	7991.0	11129.0	15054.0	4879.0
	17.0	18.0	19.0	20.0	21.0	22.0	23.0	24.0	25.0	26.0	27.0	28.0	29.0	30.0	31.0	32.0	33.0	34.0	35.0	36.0	37.0
SRR11825984_1	5.0	13.0	44.0	108.0	263.0	416.0	456.0	537.0	536.0	588.0	664.0	770.0	841.0	1030.0	1259.0	1615.0	2089.0	2851.0	4104.0	7440.0	31733.0
	13.0	14.0	15.0	16.0	17.0	18.0	19.0	20.0	21.0	22.0	23.0	24.0	25.0	26.0	27.0	28.0	29.0	30.0	31.0	32.0	33.0	34.0	35.0	36.0	37.0
SRR11825984_2	3.0	10.0	30.0	65.0	142.0	182.0	247.0	316.0	438.0	539.0	643.0	819.0	990.0	1264.0	1397.0	1720.0	2101.0	2560.0	3113.0	3857.0	4828.0	6293.0	8721.0	12086.0	4998.0
	16.0	17.0	18.0	19.0	20.0	21.0	22.0	23.0	24.0	25.0	26.0	27.0	28.0	29.0	30.0	31.0	32.0	33.0	34.0	35.0	36.0	37.0
SRR11825985_1	1.0	1.0	10.0	25.0	63.0	192.0	396.0	442.0	458.0	544.0	598.0	639.0	738.0	826.0	1015.0	1236.0	1530.0	1962.0	2618.0	3802.0	7186.0	29860.0
	12.0	13.0	14.0	15.0	16.0	17.0	18.0	19.0	20.0	21.0	22.0	23.0	24.0	25.0	26.0	27.0	28.0	29.0	30.0	31.0	32.0	33.0	34.0	35.0	36.0	37.0
SRR11825985_2	2.0	25.0	96.0	78.0	109.0	176.0	241.0	293.0	389.0	466.0	573.0	674.0	796.0	1014.0	1231.0	1433.0	1614.0	1929.0	2372.0	2928.0	3624.0	4368.0	5747.0	8102.0	11837.0	4025.0
	13.0	14.0	15.0	16.0	17.0	18.0	19.0	20.0	21.0	22.0	23.0	24.0	25.0	26.0	27.0	28.0	29.0	30.0	31.0	32.0	33.0	34.0	35.0	36.0	37.0
SRR11825986_1	1.0	0.0	9.0	6.0	13.0	32.0	53.0	123.0	267.0	544.0	629.0	666.0	695.0	705.0	815.0	858.0	1002.0	1206.0	1384.0	1617.0	2069.0	2728.0	3915.0	7089.0	25621.0
	13.0	14.0	15.0	16.0	17.0	18.0	19.0	20.0	21.0	22.0	23.0	24.0	25.0	26.0	27.0	28.0	29.0	30.0	31.0	32.0	33.0	34.0	35.0	36.0	37.0
SRR11825986_2	11.0	54.0	102.0	94.0	163.0	204.0	272.0	362.0	426.0	502.0	656.0	840.0	1036.0	1293.0	1534.0	1820.0	2206.0	2552.0	3164.0	3859.0	4646.0	5691.0	7264.0	9579.0	3717.0
	16.0	17.0	18.0	19.0	20.0	21.0	22.0	23.0	24.0	25.0	26.0	27.0	28.0	29.0	30.0	31.0	32.0	33.0	34.0	35.0	36.0	37.0
SRR11825987_1	1.0	1.0	18.0	37.0	76.0	230.0	469.0	564.0	542.0	632.0	691.0	780.0	891.0	1051.0	1238.0	1527.0	1872.0	2369.0	3325.0	4851.0	8748.0	40213.0
	11.0	12.0	13.0	14.0	15.0	16.0	17.0	18.0	19.0	20.0	21.0	22.0	23.0	24.0	25.0	26.0	27.0	28.0	29.0	30.0	31.0	32.0	33.0	34.0	35.0	36.0	37.0
SRR11825987_2	1.0	1.0	31.0	178.0	254.0	222.0	274.0	352.0	437.0	485.0	557.0	724.0	807.0	1040.0	1144.0	1381.0	1671.0	1912.0	2253.0	2745.0	3421.0	4487.0	5391.0	7089.0	10292.0	16118.0	6859.0
	17.0	18.0	19.0	20.0	21.0	22.0	23.0	24.0	25.0	26.0	27.0	28.0	29.0	30.0	31.0	32.0	33.0	34.0	35.0	36.0	37.0
SRR11825988_1	3.0	9.0	28.0	85.0	222.0	390.0	506.0	562.0	589.0	634.0	712.0	844.0	973.0	1234.0	1479.0	1818.0	2406.0	3243.0	4701.0	8484.0	37730.0
	14.0	15.0	16.0	17.0	18.0	19.0	20.0	21.0	22.0	23.0	24.0	25.0	26.0	27.0	28.0	29.0	30.0	31.0	32.0	33.0	34.0	35.0	36.0	37.0
SRR11825988_2	9.0	27.0	75.0	132.0	190.0	244.0	296.0	409.0	506.0	632.0	751.0	998.0	1224.0	1461.0	1794.0	2164.0	2741.0	3438.0	4432.0	5525.0	7304.0	10467.0	15585.0	6248.0
	17.0	18.0	19.0	20.0	21.0	22.0	23.0	24.0	25.0	26.0	27.0	28.0	29.0	30.0	31.0	32.0	33.0	34.0	35.0	36.0	37.0
SRR11825989_1	6.0	10.0	31.0	96.0	201.0	361.0	540.0	554.0	596.0	574.0	694.0	777.0	950.0	1162.0	1453.0	1718.0	2287.0	3219.0	4626.0	8693.0	34912.0
	13.0	14.0	15.0	16.0	17.0	18.0	19.0	20.0	21.0	22.0	23.0	24.0	25.0	26.0	27.0	28.0	29.0	30.0	31.0	32.0	33.0	34.0	35.0	36.0	37.0
SRR11825989_2	13.0	47.0	61.0	90.0	181.0	312.0	394.0	501.0	567.0	746.0	839.0	1012.0	1262.0	1592.0	1886.0	2164.0	2571.0	2991.0	3733.0	4489.0	5648.0	6949.0	9017.0	11834.0	4561.0
	16.0	17.0	18.0	19.0	20.0	21.0	22.0	23.0	24.0	25.0	26.0	27.0	28.0	29.0	30.0	31.0	32.0	33.0	34.0	35.0	36.0	37.0
SRR11825990_1	2.0	0.0	13.0	36.0	61.0	180.0	350.0	423.0	436.0	438.0	463.0	553.0	651.0	793.0	911.0	1130.0	1370.0	1719.0	2453.0	3592.0	5996.0	24265.0
	14.0	15.0	16.0	17.0	18.0	19.0	20.0	21.0	22.0	23.0	24.0	25.0	26.0	27.0	28.0	29.0	30.0	31.0	32.0	33.0	34.0	35.0	36.0	37.0
SRR11825990_2	17.0	29.0	65.0	135.0	170.0	190.0	262.0	357.0	414.0	532.0	653.0	744.0	988.0	1244.0	1435.0	1707.0	2063.0	2635.0	3103.0	3850.0	5080.0	7021.0	9679.0	3462.0
	13.0	14.0	15.0	16.0	17.0	18.0	19.0	20.0	21.0	22.0	23.0	24.0	25.0	26.0	27.0	28.0	29.0	30.0	31.0	32.0	33.0	34.0	35.0	36.0	37.0
SRR11825991_1	1.0	0.0	1.0	7.0	14.0	32.0	63.0	102.0	257.0	474.0	556.0	596.0	665.0	689.0	710.0	911.0	929.0	1080.0	1306.0	1534.0	1918.0	2402.0	3462.0	6314.0	26528.0
	13.0	14.0	15.0	16.0	17.0	18.0	19.0	20.0	21.0	22.0	23.0	24.0	25.0	26.0	27.0	28.0	29.0	30.0	31.0	32.0	33.0	34.0	35.0	36.0	37.0
SRR11825991_2	11.0	63.0	88.0	79.0	121.0	183.0	276.0	295.0	401.0	491.0	587.0	736.0	881.0	1112.0	1277.0	1446.0	1825.0	2140.0	2693.0	3365.0	4116.0	5204.0	7313.0	11002.0	4846.0
	17.0	18.0	19.0	20.0	21.0	22.0	23.0	24.0	25.0	26.0	27.0	28.0	29.0	30.0	31.0	32.0	33.0	34.0	35.0	36.0	37.0
SRR11825992_1	3.0	14.0	40.0	95.0	261.0	540.0	677.0	762.0	770.0	896.0	1007.0	1143.0	1276.0	1490.0	1848.0	2260.0	2785.0	3725.0	5528.0	10380.0	45382.0
	12.0	13.0	14.0	15.0	16.0	17.0	18.0	19.0	20.0	21.0	22.0	23.0	24.0	25.0	26.0	27.0	28.0	29.0	30.0	31.0	32.0	33.0	34.0	35.0	36.0	37.0
SRR11825992_2	2.0	37.0	208.0	274.0	260.0	329.0	440.0	543.0	591.0	798.0	916.0	1148.0	1357.0	1595.0	1948.0	2316.0	2692.0	3161.0	3907.0	4673.0	5739.0	7155.0	9036.0	12215.0	15028.0	4514.0
	17.0	18.0	19.0	20.0	21.0	22.0	23.0	24.0	25.0	26.0	27.0	28.0	29.0	30.0	31.0	32.0	33.0	34.0	35.0	36.0	37.0
SRR11825993_1	10.0	23.0	101.0	191.0	345.0	541.0	648.0	687.0	712.0	773.0	903.0	965.0	1178.0	1415.0	1594.0	2112.0	2583.0	3430.0	5099.0	8962.0	38550.0
	14.0	15.0	16.0	17.0	18.0	19.0	20.0	21.0	22.0	23.0	24.0	25.0	26.0	27.0	28.0	29.0	30.0	31.0	32.0	33.0	34.0	35.0	36.0	37.0
SRR11825993_2	14.0	25.0	68.0	147.0	213.0	283.0	337.0	456.0	549.0	757.0	940.0	1262.0	1490.0	1808.0	2033.0	2426.0	2988.0	3793.0	4621.0	5793.0	7573.0	10551.0	15331.0	7364.0
	17.0	18.0	19.0	20.0	21.0	22.0	23.0	24.0	25.0	26.0	27.0	28.0	29.0	30.0	31.0	32.0	33.0	34.0	35.0	36.0	37.0
SRR11825994_1	3.0	11.0	24.0	70.0	217.0	362.0	431.0	466.0	530.0	598.0	658.0	769.0	933.0	1108.0	1340.0	1651.0	2169.0	2942.0	4404.0	7957.0	32240.0
	11.0	12.0	13.0	14.0	15.0	16.0	17.0	18.0	19.0	20.0	21.0	22.0	23.0	24.0	25.0	26.0	27.0	28.0	29.0	30.0	31.0	32.0	33.0	34.0	35.0	36.0	37.0
SRR11825994_2	1.0	1.0	24.0	64.0	57.0	84.0	140.0	182.0	245.0	333.0	383.0	486.0	550.0	716.0	936.0	1160.0	1366.0	1667.0	1916.0	2325.0	2977.0	3589.0	4503.0	6019.0	8673.0	13990.0	6496.0
	14.0	15.0	16.0	17.0	18.0	19.0	20.0	21.0	22.0	23.0	24.0	25.0	26.0	27.0	28.0	29.0	30.0	31.0	32.0	33.0	34.0	35.0	36.0	37.0
SRR11825995_1	1.0	0.0	7.0	18.0	29.0	74.0	140.0	289.0	574.0	744.0	678.0	754.0	766.0	839.0	931.0	1100.0	1226.0	1539.0	1903.0	2386.0	3116.0	4449.0	7948.0	29381.0
	12.0	13.0	14.0	15.0	16.0	17.0	18.0	19.0	20.0	21.0	22.0	23.0	24.0	25.0	26.0	27.0	28.0	29.0	30.0	31.0	32.0	33.0	34.0	35.0	36.0	37.0
SRR11825995_2	1.0	14.0	89.0	134.0	97.0	125.0	250.0	270.0	373.0	499.0	576.0	680.0	958.0	1196.0	1455.0	1744.0	2031.0	2464.0	2907.0	3468.0	4078.0	5209.0	6503.0	7919.0	10893.0	4959.0
	17.0	18.0	19.0	20.0	21.0	22.0	23.0	24.0	25.0	26.0	27.0	28.0	29.0	30.0	31.0	32.0	33.0	34.0	35.0	36.0	37.0
SRR11825996_1	3.0	16.0	40.0	112.0	267.0	518.0	635.0	599.0	726.0	754.0	878.0	1004.0	1134.0	1381.0	1653.0	1935.0	2510.0	3402.0	4973.0	8939.0	35784.0
	12.0	13.0	14.0	15.0	16.0	17.0	18.0	19.0	20.0	21.0	22.0	23.0	24.0	25.0	26.0	27.0	28.0	29.0	30.0	31.0	32.0	33.0	34.0	35.0	36.0	37.0
SRR11825996_2	9.0	40.0	174.0	181.0	187.0	237.0	289.0	347.0	440.0	542.0	609.0	794.0	945.0	1256.0	1376.0	1623.0	2033.0	2435.0	2883.0	3468.0	4313.0	5351.0	6882.0	9944.0	14351.0	6554.0
	16.0	17.0	18.0	19.0	20.0	21.0	22.0	23.0	24.0	25.0	26.0	27.0	28.0	29.0	30.0	31.0	32.0	33.0	34.0	35.0	36.0	37.0
SRR11825997_1	1.0	2.0	13.0	28.0	67.0	248.0	486.0	531.0	518.0	580.0	612.0	679.0	762.0	854.0	1052.0	1202.0	1491.0	1900.0	2440.0	3636.0	6555.0	22641.0
	12.0	13.0	14.0	15.0	16.0	17.0	18.0	19.0	20.0	21.0	22.0	23.0	24.0	25.0	26.0	27.0	28.0	29.0	30.0	31.0	32.0	33.0	34.0	35.0	36.0	37.0
SRR11825997_2	1.0	1.0	10.0	43.0	88.0	146.0	163.0	244.0	282.0	365.0	487.0	606.0	738.0	954.0	1111.0	1339.0	1586.0	1971.0	2488.0	2837.0	3504.0	4186.0	5526.0	7269.0	8060.0	2293.0
	17.0	18.0	19.0	20.0	21.0	22.0	23.0	24.0	25.0	26.0	27.0	28.0	29.0	30.0	31.0	32.0	33.0	34.0	35.0	36.0	37.0
SRR11825998_1	1.0	11.0	24.0	63.0	172.0	286.0	312.0	354.0	365.0	405.0	504.0	545.0	641.0	735.0	890.0	1132.0	1359.0	1870.0	2853.0	5256.0	23776.0
	13.0	14.0	15.0	16.0	17.0	18.0	19.0	20.0	21.0	22.0	23.0	24.0	25.0	26.0	27.0	28.0	29.0	30.0	31.0	32.0	33.0	34.0	35.0	36.0	37.0
SRR11825998_2	25.0	24.0	39.0	94.0	169.0	224.0	289.0	354.0	433.0	540.0	650.0	845.0	983.0	1151.0	1339.0	1677.0	2053.0	2433.0	2811.0	3331.0	4152.0	5121.0	6318.0	5539.0	960.0
	15.0	16.0	17.0	18.0	19.0	20.0	21.0	22.0	23.0	24.0	25.0	26.0	27.0	28.0	29.0	30.0	31.0	32.0	33.0	34.0	35.0	36.0	37.0
SRR11825999_1	1.0	4.0	10.0	25.0	48.0	112.0	263.0	431.0	533.0	527.0	619.0	643.0	714.0	768.0	876.0	998.0	1145.0	1392.0	1677.0	2219.0	3213.0	5654.0	19243.0
	13.0	14.0	15.0	16.0	17.0	18.0	19.0	20.0	21.0	22.0	23.0	24.0	25.0	26.0	27.0	28.0	29.0	30.0	31.0	32.0	33.0	34.0	35.0	36.0	37.0
SRR11825999_2	14.0	48.0	69.0	88.0	128.0	191.0	243.0	320.0	373.0	477.0	634.0	754.0	945.0	1170.0	1451.0	1470.0	1761.0	2128.0	2635.0	3071.0	3726.0	4707.0	5935.0	6907.0	1870.0
	16.0	17.0	18.0	19.0	20.0	21.0	22.0	23.0	24.0	25.0	26.0	27.0	28.0	29.0	30.0	31.0	32.0	33.0	34.0	35.0	36.0	37.0
SRR11826000_1	1.0	3.0	13.0	38.0	69.0	223.0	344.0	423.0	473.0	538.0	591.0	662.0	750.0	898.0	1087.0	1284.0	1591.0	2057.0	2843.0	4205.0	7390.0	34891.0
	12.0	13.0	14.0	15.0	16.0	17.0	18.0	19.0	20.0	21.0	22.0	23.0	24.0	25.0	26.0	27.0	28.0	29.0	30.0	31.0	32.0	33.0	34.0	35.0	36.0	37.0
SRR11826000_2	5.0	39.0	181.0	210.0	181.0	215.0	262.0	342.0	407.0	455.0	593.0	649.0	819.0	1062.0	1241.0	1429.0	1661.0	1982.0	2546.0	3011.0	3765.0	4791.0	6237.0	8651.0	13611.0	6029.0
	18.0	19.0	20.0	21.0	22.0	23.0	24.0	25.0	26.0	27.0	28.0	29.0	30.0	31.0	32.0	33.0	34.0	35.0	36.0	37.0
SRR11826001_1	13.0	19.0	59.0	156.0	383.0	476.0	501.0	520.0	564.0	563.0	691.0	818.0	963.0	1239.0	1463.0	1971.0	2548.0	3753.0	6564.0	26032.0
	13.0	14.0	15.0	16.0	17.0	18.0	19.0	20.0	21.0	22.0	23.0	24.0	25.0	26.0	27.0	28.0	29.0	30.0	31.0	32.0	33.0	34.0	35.0	36.0	37.0
SRR11826001_2	13.0	31.0	37.0	75.0	155.0	242.0	292.0	369.0	438.0	549.0	662.0	801.0	1016.0	1172.0	1418.0	1587.0	1834.0	2280.0	2772.0	3376.0	3981.0	5323.0	7412.0	10191.0	3270.0
	17.0	18.0	19.0	20.0	21.0	22.0	23.0	24.0	25.0	26.0	27.0	28.0	29.0	30.0	31.0	32.0	33.0	34.0	35.0	36.0	37.0
SRR11826002_1	2.0	5.0	16.0	56.0	115.0	234.0	290.0	350.0	394.0	430.0	522.0	589.0	688.0	806.0	947.0	1247.0	1559.0	2085.0	2877.0	5112.0	21089.0
	13.0	14.0	15.0	16.0	17.0	18.0	19.0	20.0	21.0	22.0	23.0	24.0	25.0	26.0	27.0	28.0	29.0	30.0	31.0	32.0	33.0	34.0	35.0	36.0	37.0
SRR11826002_2	1.0	9.0	22.0	56.0	79.0	127.0	164.0	205.0	279.0	342.0	423.0	480.0	621.0	705.0	933.0	1165.0	1270.0	1636.0	1997.0	2502.0	3218.0	4234.0	5895.0	9101.0	3949.0
	16.0	17.0	18.0	19.0	20.0	21.0	22.0	23.0	24.0	25.0	26.0	27.0	28.0	29.0	30.0	31.0	32.0	33.0	34.0	35.0	36.0	37.0
SRR11826003_1	1.0	0.0	4.0	22.0	55.0	134.0	263.0	285.0	349.0	347.0	407.0	440.0	543.0	577.0	670.0	861.0	1023.0	1348.0	1780.0	2664.0	5005.0	22276.0
	13.0	14.0	15.0	16.0	17.0	18.0	19.0	20.0	21.0	22.0	23.0	24.0	25.0	26.0	27.0	28.0	29.0	30.0	31.0	32.0	33.0	34.0	35.0	36.0	37.0
SRR11826003_2	7.0	12.0	38.0	73.0	131.0	178.0	251.0	333.0	390.0	451.0	565.0	700.0	802.0	924.0	1200.0	1322.0	1637.0	2034.0	2390.0	2824.0	3509.0	4690.0	6039.0	7071.0	1483.0
	16.0	17.0	18.0	19.0	20.0	21.0	22.0	23.0	24.0	25.0	26.0	27.0	28.0	29.0	30.0	31.0	32.0	33.0	34.0	35.0	36.0	37.0
SRR11826004_1	5.0	11.0	22.0	44.0	85.0	186.0	301.0	388.0	398.0	425.0	525.0	575.0	644.0	754.0	826.0	973.0	1241.0	1500.0	1895.0	2714.0	4632.0	18447.0
	12.0	13.0	14.0	15.0	16.0	17.0	18.0	19.0	20.0	21.0	22.0	23.0	24.0	25.0	26.0	27.0	28.0	29.0	30.0	31.0	32.0	33.0	34.0	35.0	36.0	37.0
SRR11826004_2	2.0	14.0	51.0	41.0	56.0	90.0	142.0	196.0	248.0	313.0	359.0	457.0	583.0	726.0	915.0	1048.0	1305.0	1510.0	1923.0	2238.0	2646.0	3287.0	3972.0	5346.0	6550.0	2573.0
	13.0	14.0	15.0	16.0	17.0	18.0	19.0	20.0	21.0	22.0	23.0	24.0	25.0	26.0	27.0	28.0	29.0	30.0	31.0	32.0	33.0	34.0	35.0	36.0	37.0
SRR11826005_1	1.0	0.0	2.0	2.0	12.0	21.0	56.0	96.0	229.0	481.0	603.0	666.0	689.0	765.0	824.0	884.0	1123.0	1211.0	1412.0	1706.0	2107.0	2828.0	3758.0	6942.0	27801.0
	12.0	13.0	14.0	15.0	16.0	17.0	18.0	19.0	20.0	21.0	22.0	23.0	24.0	25.0	26.0	27.0	28.0	29.0	30.0	31.0	32.0	33.0	34.0	35.0	36.0	37.0
SRR11826005_2	1.0	39.0	129.0	124.0	117.0	195.0	275.0	363.0	409.0	505.0	616.0	732.0	829.0	1119.0	1306.0	1512.0	1727.0	2060.0	2547.0	3010.0	3782.0	4401.0	5661.0	7841.0	10973.0	3946.0
	16.0	17.0	18.0	19.0	20.0	21.0	22.0	23.0	24.0	25.0	26.0	27.0	28.0	29.0	30.0	31.0	32.0	33.0	34.0	35.0	36.0	37.0
SRR11826006_1	1.0	0.0	8.0	18.0	56.0	157.0	287.0	400.0	438.0	517.0	555.0	598.0	694.0	857.0	944.0	1216.0	1515.0	2022.0	2656.0	3590.0	6545.0	30460.0
	12.0	13.0	14.0	15.0	16.0	17.0	18.0	19.0	20.0	21.0	22.0	23.0	24.0	25.0	26.0	27.0	28.0	29.0	30.0	31.0	32.0	33.0	34.0	35.0	36.0	37.0
SRR11826006_2	3.0	33.0	152.0	212.0	167.0	164.0	273.0	300.0	327.0	431.0	534.0	651.0	781.0	972.0	1138.0	1375.0	1563.0	1925.0	2218.0	2820.0	3511.0	4320.0	5575.0	7915.0	11594.0	4580.0
	17.0	18.0	19.0	20.0	21.0	22.0	23.0	24.0	25.0	26.0	27.0	28.0	29.0	30.0	31.0	32.0	33.0	34.0	35.0	36.0	37.0
SRR11826007_1	6.0	7.0	37.0	69.0	233.0	497.0	644.0	637.0	704.0	749.0	847.0	1051.0	1189.0	1321.0	1621.0	2000.0	2583.0	3309.0	4955.0	9209.0	36264.0
	12.0	13.0	14.0	15.0	16.0	17.0	18.0	19.0	20.0	21.0	22.0	23.0	24.0	25.0	26.0	27.0	28.0	29.0	30.0	31.0	32.0	33.0	34.0	35.0	36.0	37.0
SRR11826007_2	4.0	53.0	207.0	206.0	236.0	294.0	367.0	460.0	552.0	676.0	796.0	998.0	1181.0	1410.0	1612.0	1949.0	2243.0	2652.0	3094.0	3847.0	4670.0	5734.0	7438.0	10255.0	13294.0	3704.0
	17.0	18.0	19.0	20.0	21.0	22.0	23.0	24.0	25.0	26.0	27.0	28.0	29.0	30.0	31.0	32.0	33.0	34.0	35.0	36.0	37.0
SRR11826008_1	1.0	10.0	34.0	83.0	243.0	410.0	437.0	491.0	519.0	570.0	627.0	719.0	876.0	999.0	1337.0	1671.0	2154.0	2943.0	4153.0	7410.0	32156.0
	14.0	15.0	16.0	17.0	18.0	19.0	20.0	21.0	22.0	23.0	24.0	25.0	26.0	27.0	28.0	29.0	30.0	31.0	32.0	33.0	34.0	35.0	36.0	37.0
SRR11826008_2	10.0	17.0	56.0	118.0	193.0	295.0	337.0	458.0	574.0	692.0	855.0	1112.0	1315.0	1523.0	1837.0	2217.0	2694.0	3318.0	4168.0	4910.0	6588.0	9295.0	11797.0	3464.0
	16.0	17.0	18.0	19.0	20.0	21.0	22.0	23.0	24.0	25.0	26.0	27.0	28.0	29.0	30.0	31.0	32.0	33.0	34.0	35.0	36.0	37.0
SRR11826009_1	1.0	1.0	6.0	24.0	72.0	213.0	330.0	440.0	470.0	497.0	541.0	593.0	726.0	819.0	1029.0	1263.0	1595.0	2114.0	2847.0	4175.0	7692.0	30818.0
	13.0	14.0	15.0	16.0	17.0	18.0	19.0	20.0	21.0	22.0	23.0	24.0	25.0	26.0	27.0	28.0	29.0	30.0	31.0	32.0	33.0	34.0	35.0	36.0	37.0
SRR11826009_2	4.0	20.0	52.0	97.0	159.0	236.0	314.0	392.0	475.0	578.0	695.0	868.0	1023.0	1257.0	1583.0	1713.0	2092.0	2554.0	3167.0	3893.0	4746.0	6200.0	8618.0	11988.0	3542.0
	13.0	14.0	15.0	16.0	17.0	18.0	19.0	20.0	21.0	22.0	23.0	24.0	25.0	26.0	27.0	28.0	29.0	30.0	31.0	32.0	33.0	34.0	35.0	36.0	37.0
SRR11826010_1	1.0	1.0	4.0	12.0	14.0	30.0	73.0	126.0	301.0	627.0	681.0	761.0	723.0	901.0	874.0	1028.0	1166.0	1306.0	1591.0	1851.0	2388.0	3073.0	4204.0	7449.0	29557.0
	13.0	14.0	15.0	16.0	17.0	18.0	19.0	20.0	21.0	22.0	23.0	24.0	25.0	26.0	27.0	28.0	29.0	30.0	31.0	32.0	33.0	34.0	35.0	36.0	37.0
SRR11826010_2	21.0	67.0	100.0	88.0	189.0	260.0	303.0	423.0	499.0	629.0	808.0	902.0	1155.0	1409.0	1676.0	1907.0	2261.0	2704.0	3394.0	4036.0	5062.0	6098.0	8667.0	12017.0	4067.0
	15.0	16.0	17.0	18.0	19.0	20.0	21.0	22.0	23.0	24.0	25.0	26.0	27.0	28.0	29.0	30.0	31.0	32.0	33.0	34.0	35.0	36.0	37.0
SRR11826011_1	1.0	0.0	3.0	7.0	43.0	99.0	268.0	512.0	639.0	662.0	766.0	789.0	876.0	931.0	1135.0	1338.0	1578.0	2017.0	2516.0	3231.0	4772.0	9033.0	38637.0
	12.0	13.0	14.0	15.0	16.0	17.0	18.0	19.0	20.0	21.0	22.0	23.0	24.0	25.0	26.0	27.0	28.0	29.0	30.0	31.0	32.0	33.0	34.0	35.0	36.0	37.0
SRR11826011_2	3.0	50.0	191.0	228.0	253.0	327.0	392.0	456.0	509.0	675.0	731.0	961.0	1136.0	1324.0	1603.0	1853.0	2134.0	2579.0	3217.0	3769.0	4744.0	5853.0	7546.0	10529.0	14428.0	4362.0
	16.0	17.0	18.0	19.0	20.0	21.0	22.0	23.0	24.0	25.0	26.0	27.0	28.0	29.0	30.0	31.0	32.0	33.0	34.0	35.0	36.0	37.0
SRR11826012_1	1.0	4.0	11.0	29.0	68.0	243.0	480.0	669.0	688.0	708.0	763.0	865.0	914.0	1088.0	1260.0	1602.0	1927.0	2375.0	3249.0	4777.0	8745.0	32426.0
	13.0	14.0	15.0	16.0	17.0	18.0	19.0	20.0	21.0	22.0	23.0	24.0	25.0	26.0	27.0	28.0	29.0	30.0	31.0	32.0	33.0	34.0	35.0	36.0	37.0
SRR11826012_2	2.0	15.0	23.0	83.0	149.0	202.0	291.0	386.0	450.0	613.0	750.0	950.0	1172.0	1480.0	1640.0	2103.0	2513.0	3207.0	3785.0	4714.0	5869.0	7219.0	9815.0	11892.0	3569.0
	17.0	18.0	19.0	20.0	21.0	22.0	23.0	24.0	25.0	26.0	27.0	28.0	29.0	30.0	31.0	32.0	33.0	34.0	35.0	36.0	37.0
SRR11826013_1	3.0	4.0	34.0	54.0	154.0	348.0	501.0	553.0	635.0	663.0	699.0	769.0	927.0	1136.0	1391.0	1684.0	2129.0	2905.0	4373.0	8127.0	30263.0
	12.0	13.0	14.0	15.0	16.0	17.0	18.0	19.0	20.0	21.0	22.0	23.0	24.0	25.0	26.0	27.0	28.0	29.0	30.0	31.0	32.0	33.0	34.0	35.0	36.0	37.0
SRR11826013_2	2.0	7.0	50.0	53.0	95.0	163.0	259.0	324.0	455.0	517.0	640.0	812.0	975.0	1117.0	1428.0	1634.0	2003.0	2433.0	2851.0	3479.0	4325.0	5182.0	6647.0	8678.0	10643.0	2580.0
	14.0	15.0	16.0	17.0	18.0	19.0	20.0	21.0	22.0	23.0	24.0	25.0	26.0	27.0	28.0	29.0	30.0	31.0	32.0	33.0	34.0	35.0	36.0	37.0
SRR11826014_1	1.0	4.0	4.0	17.0	25.0	77.0	116.0	227.0	425.0	599.0	584.0	666.0	733.0	806.0	875.0	1064.0	1151.0	1307.0	1663.0	2126.0	2820.0	4015.0	6760.0	28332.0
	13.0	14.0	15.0	16.0	17.0	18.0	19.0	20.0	21.0	22.0	23.0	24.0	25.0	26.0	27.0	28.0	29.0	30.0	31.0	32.0	33.0	34.0	35.0	36.0	37.0
SRR11826014_2	16.0	48.0	77.0	83.0	143.0	205.0	291.0	336.0	410.0	534.0	658.0	826.0	1072.0	1250.0	1514.0	1743.0	2100.0	2494.0	3070.0	3721.0	4590.0	5935.0	7931.0	11078.0	4272.0
	18.0	19.0	20.0	21.0	22.0	23.0	24.0	25.0	26.0	27.0	28.0	29.0	30.0	31.0	32.0	33.0	34.0	35.0	36.0	37.0
SRR11826015_1	19.0	31.0	75.0	231.0	451.0	553.0	547.0	648.0	675.0	810.0	850.0	1040.0	1153.0	1424.0	1811.0	2361.0	3191.0	4636.0	8451.0	34514.0
	12.0	13.0	14.0	15.0	16.0	17.0	18.0	19.0	20.0	21.0	22.0	23.0	24.0	25.0	26.0	27.0	28.0	29.0	30.0	31.0	32.0	33.0	34.0	35.0	36.0	37.0
SRR11826015_2	6.0	37.0	169.0	170.0	171.0	231.0	314.0	381.0	433.0	536.0	643.0	753.0	980.0	1089.0	1393.0	1615.0	1918.0	2169.0	2738.0	3506.0	4246.0	5133.0	6548.0	9397.0	13659.0	5236.0
	17.0	18.0	19.0	20.0	21.0	22.0	23.0	24.0	25.0	26.0	27.0	28.0	29.0	30.0	31.0	32.0	33.0	34.0	35.0	36.0	37.0
SRR11826016_1	2.0	8.0	13.0	53.0	145.0	269.0	270.0	306.0	348.0	381.0	466.0	541.0	654.0	778.0	908.0	1211.0	1528.0	2228.0	2933.0	5230.0	22201.0
	12.0	13.0	14.0	15.0	16.0	17.0	18.0	19.0	20.0	21.0	22.0	23.0	24.0	25.0	26.0	27.0	28.0	29.0	30.0	31.0	32.0	33.0	34.0	35.0	36.0	37.0
SRR11826016_2	3.0	32.0	53.0	39.0	51.0	111.0	204.0	213.0	287.0	326.0	426.0	493.0	617.0	725.0	844.0	1063.0	1177.0	1416.0	1723.0	2125.0	2627.0	3239.0	4269.0	6034.0	9123.0	3253.0
	17.0	18.0	19.0	20.0	21.0	22.0	23.0	24.0	25.0	26.0	27.0	28.0	29.0	30.0	31.0	32.0	33.0	34.0	35.0	36.0	37.0
SRR11826017_1	2.0	13.0	40.0	122.0	298.0	484.0	553.0	570.0	586.0	627.0	702.0	741.0	903.0	1113.0	1345.0	1668.0	2196.0	2792.0	4201.0	7452.0	30503.0
	13.0	14.0	15.0	16.0	17.0	18.0	19.0	20.0	21.0	22.0	23.0	24.0	25.0	26.0	27.0	28.0	29.0	30.0	31.0	32.0	33.0	34.0	35.0	36.0	37.0
SRR11826017_2	1.0	3.0	13.0	52.0	118.0	184.0	209.0	266.0	393.0	477.0	586.0	692.0	914.0	1132.0	1362.0	1679.0	1907.0	2476.0	3033.0	3768.0	4676.0	6228.0	8706.0	12622.0	5414.0
	17.0	18.0	19.0	20.0	21.0	22.0	23.0	24.0	25.0	26.0	27.0	28.0	29.0	30.0	31.0	32.0	33.0	34.0	35.0	36.0	37.0
SRR11826018_1	2.0	8.0	22.0	76.0	237.0	369.0	456.0	513.0	570.0	578.0	666.0	787.0	885.0	1096.0	1324.0	1713.0	2224.0	2897.0	4475.0	8108.0	32467.0
	12.0	13.0	14.0	15.0	16.0	17.0	18.0	19.0	20.0	21.0	22.0	23.0	24.0	25.0	26.0	27.0	28.0	29.0	30.0	31.0	32.0	33.0	34.0	35.0	36.0	37.0
SRR11826018_2	1.0	18.0	55.0	53.0	113.0	175.0	250.0	315.0	367.0	439.0	552.0	675.0	839.0	1005.0	1193.0	1422.0	1641.0	2162.0	2557.0	3240.0	3952.0	4859.0	6429.0	9386.0	13446.0	4329.0
	14.0	15.0	16.0	17.0	18.0	19.0	20.0	21.0	22.0	23.0	24.0	25.0	26.0	27.0	28.0	29.0	30.0	31.0	32.0	33.0	34.0	35.0	36.0	37.0
SRR11826019_1	2.0	2.0	7.0	15.0	38.0	89.0	131.0	339.0	692.0	852.0	833.0	828.0	880.0	880.0	990.0	1136.0	1363.0	1467.0	1939.0	2235.0	2839.0	3990.0	7237.0	25730.0
	13.0	14.0	15.0	16.0	17.0	18.0	19.0	20.0	21.0	22.0	23.0	24.0	25.0	26.0	27.0	28.0	29.0	30.0	31.0	32.0	33.0	34.0	35.0	36.0	37.0
SRR11826019_2	14.0	43.0	70.0	88.0	132.0	235.0	331.0	378.0	505.0	602.0	750.0	994.0	1276.0	1603.0	1816.0	2065.0	2210.0	2637.0	3089.0	3680.0	4422.0	5576.0	8066.0	10865.0	3067.0
	14.0	15.0	16.0	17.0	18.0	19.0	20.0	21.0	22.0	23.0	24.0	25.0	26.0	27.0	28.0	29.0	30.0	31.0	32.0	33.0	34.0	35.0	36.0	37.0
SRR11826020_1	2.0	0.0	0.0	4.0	5.0	29.0	91.0	286.0	374.0	431.0	518.0	541.0	642.0	735.0	835.0	929.0	1119.0	1437.0	1749.0	2237.0	2935.0	4270.0	8023.0	32590.0
	12.0	13.0	14.0	15.0	16.0	17.0	18.0	19.0	20.0	21.0	22.0	23.0	24.0	25.0	26.0	27.0	28.0	29.0	30.0	31.0	32.0	33.0	34.0	35.0	36.0	37.0
SRR11826020_2	2.0	21.0	157.0	187.0	182.0	198.0	273.0	298.0	375.0	446.0	586.0	677.0	768.0	1006.0	1203.0	1441.0	1655.0	2096.0	2414.0	2993.0	3695.0	4710.0	6110.0	8723.0	13434.0	6132.0
	16.0	17.0	18.0	19.0	20.0	21.0	22.0	23.0	24.0	25.0	26.0	27.0	28.0	29.0	30.0	31.0	32.0	33.0	34.0	35.0	36.0	37.0
SRR11826021_1	1.0	1.0	12.0	18.0	52.0	136.0	299.0	383.0	364.0	455.0	503.0	593.0	630.0	682.0	934.0	1145.0	1405.0	1754.0	2255.0	3475.0	6426.0	26199.0
	14.0	15.0	16.0	17.0	18.0	19.0	20.0	21.0	22.0	23.0	24.0	25.0	26.0	27.0	28.0	29.0	30.0	31.0	32.0	33.0	34.0	35.0	36.0	37.0
SRR11826021_2	12.0	23.0	60.0	120.0	176.0	211.0	287.0	376.0	406.0	538.0	697.0	844.0	983.0	1233.0	1412.0	1776.0	2136.0	2663.0	3358.0	4147.0	5334.0	7415.0	9845.0	3670.0
	16.0	17.0	18.0	19.0	20.0	21.0	22.0	23.0	24.0	25.0	26.0	27.0	28.0	29.0	30.0	31.0	32.0	33.0	34.0	35.0	36.0	37.0
SRR11826022_1	1.0	4.0	12.0	50.0	109.0	278.0	504.0	618.0	661.0	671.0	747.0	833.0	805.0	1017.0	1229.0	1382.0	1738.0	2277.0	3047.0	4702.0	8779.0	27076.0
	11.0	12.0	13.0	14.0	15.0	16.0	17.0	18.0	19.0	20.0	21.0	22.0	23.0	24.0	25.0	26.0	27.0	28.0	29.0	30.0	31.0	32.0	33.0	34.0	35.0	36.0	37.0
SRR11826022_2	1.0	2.0	17.0	40.0	73.0	131.0	260.0	336.0	490.0	566.0	708.0	775.0	992.0	1257.0	1482.0	1696.0	2077.0	2441.0	2984.0	3617.0	4164.0	4941.0	6093.0	7022.0	6797.0	6094.0	1484.0
	15.0	16.0	17.0	18.0	19.0	20.0	21.0	22.0	23.0	24.0	25.0	26.0	27.0	28.0	29.0	30.0	31.0	32.0	33.0	34.0	35.0	36.0	37.0
SRR11826023_1	2.0	2.0	11.0	17.0	36.0	124.0	261.0	363.0	413.0	448.0	520.0	568.0	616.0	716.0	782.0	900.0	1047.0	1314.0	1617.0	2242.0	3152.0	5475.0	23830.0
	13.0	14.0	15.0	16.0	17.0	18.0	19.0	20.0	21.0	22.0	23.0	24.0	25.0	26.0	27.0	28.0	29.0	30.0	31.0	32.0	33.0	34.0	35.0	36.0	37.0
SRR11826023_2	9.0	63.0	75.0	67.0	113.0	164.0	199.0	243.0	326.0	380.0	461.0	638.0	752.0	900.0	1081.0	1295.0	1550.0	1958.0	2469.0	2924.0	3706.0	4671.0	6508.0	9434.0	4470.0
	17.0	18.0	19.0	20.0	21.0	22.0	23.0	24.0	25.0	26.0	27.0	28.0	29.0	30.0	31.0	32.0	33.0	34.0	35.0	36.0	37.0
SRR11826024_1	2.0	9.0	25.0	97.0	197.0	421.0	476.0	527.0	580.0	604.0	671.0	829.0	957.0	1104.0	1312.0	1558.0	1991.0	2681.0	3984.0	7092.0	33261.0
	11.0	12.0	13.0	14.0	15.0	16.0	17.0	18.0	19.0	20.0	21.0	22.0	23.0	24.0	25.0	26.0	27.0	28.0	29.0	30.0	31.0	32.0	33.0	34.0	35.0	36.0	37.0
SRR11826024_2	1.0	3.0	44.0	168.0	182.0	186.0	195.0	252.0	313.0	372.0	407.0	552.0	667.0	792.0	951.0	1166.0	1354.0	1588.0	1806.0	2377.0	2857.0	3567.0	4487.0	6037.0	8591.0	13556.0	5907.0
	16.0	17.0	18.0	19.0	20.0	21.0	22.0	23.0	24.0	25.0	26.0	27.0	28.0	29.0	30.0	31.0	32.0	33.0	34.0	35.0	36.0	37.0
SRR11826025_1	2.0	3.0	8.0	24.0	71.0	213.0	367.0	426.0	487.0	525.0	577.0	607.0	695.0	795.0	1019.0	1143.0	1425.0	1817.0	2484.0	3618.0	6656.0	25733.0
	13.0	14.0	15.0	16.0	17.0	18.0	19.0	20.0	21.0	22.0	23.0	24.0	25.0	26.0	27.0	28.0	29.0	30.0	31.0	32.0	33.0	34.0	35.0	36.0	37.0
SRR11826025_2	1.0	11.0	36.0	74.0	137.0	175.0	240.0	298.0	358.0	458.0	550.0	694.0	908.0	1116.0	1254.0	1523.0	1807.0	2328.0	2853.0	3402.0	4332.0	5499.0	7851.0	9758.0	3032.0
	17.0	18.0	19.0	20.0	21.0	22.0	23.0	24.0	25.0	26.0	27.0	28.0	29.0	30.0	31.0	32.0	33.0	34.0	35.0	36.0	37.0
SRR11826026_1	4.0	1.0	15.0	49.0	162.0	277.0	293.0	337.0	374.0	419.0	464.0	587.0	610.0	793.0	980.0	1358.0	1613.0	2134.0	3253.0	6083.0	23785.0
	13.0	14.0	15.0	16.0	17.0	18.0	19.0	20.0	21.0	22.0	23.0	24.0	25.0	26.0	27.0	28.0	29.0	30.0	31.0	32.0	33.0	34.0	35.0	36.0	37.0
SRR11826026_2	7.0	18.0	27.0	56.0	111.0	175.0	182.0	278.0	300.0	388.0	480.0	634.0	709.0	853.0	1056.0	1212.0	1489.0	1839.0	2263.0	2717.0	3461.0	4608.0	6634.0	9994.0	4100.0
	13.0	14.0	15.0	16.0	17.0	18.0	19.0	20.0	21.0	22.0	23.0	24.0	25.0	26.0	27.0	28.0	29.0	30.0	31.0	32.0	33.0	34.0	35.0	36.0	37.0
SRR11826027_1	1.0	1.0	0.0	2.0	8.0	24.0	39.0	86.0	181.0	367.0	438.0	452.0	476.0	502.0	525.0	636.0	689.0	894.0	1084.0	1176.0	1618.0	1965.0	2914.0	4907.0	17940.0
	12.0	13.0	14.0	15.0	16.0	17.0	18.0	19.0	20.0	21.0	22.0	23.0	24.0	25.0	26.0	27.0	28.0	29.0	30.0	31.0	32.0	33.0	34.0	35.0	36.0	37.0
SRR11826027_2	1.0	11.0	65.0	58.0	76.0	108.0	164.0	202.0	252.0	283.0	374.0	431.0	542.0	670.0	820.0	980.0	1190.0	1420.0	1698.0	2077.0	2446.0	2995.0	3893.0	5333.0	7738.0	3098.0

